#Empty integrating sphere. Lambertian reflectance. No ports for fluid.
#Length units in [mm]
#Reflectivity of interior wall: rho = 0.9
#Refractive index interior medium: n = 1
#
#Source fiber:
# - core diameter: 2*a_s = 0.105
# - clad diameter: 2*b_s = 0.125
# - numerical aperture: NA_s = 0.22
#
#Pick-up fiber:
# - core diameter: 2*a_p = 0.105
# - clad diameter: 2*b_p = 0.125
# - numerical aperture: NA_p = 0.22
#
#Entrance radius: r_e = 2*b_p = 0.25
#Number of photons: N = 1000000
#Number of averages: N_avg = 10
#Number of R-values: N_R = 50
#Delta R: d_R = 0.025
#Seed: 5501
#
#R <eps_c> <eps_e> <eps_w> std_eps_c std_eps_e std_eps_w <<path>> std<path> <std_path> <<std_path>>
0.30000 0.0040009000 0.6641223000 0.3318768000 0.0000402753 0.0005306587 0.0005137961 1.2163843409 0.0140815887 0.7581494925 0.0263484004
0.32500 0.0039226000 0.6151444000 0.3809330000 0.0000618173 0.0005038298 0.0004767044 1.4292068743 0.0138343428 0.9603957528 0.0279703148
0.35000 0.0037426000 0.5707295000 0.4255279000 0.0000521647 0.0005012064 0.0005062559 1.6564407761 0.0278980156 1.2175612012 0.0624356194
0.37500 0.0034740000 0.5303583000 0.4661677000 0.0000610664 0.0005928095 0.0006165294 1.8688430082 0.0178792770 1.4294034358 0.0372670155
0.40000 0.0031885000 0.4934262000 0.5033853000 0.0000676351 0.0003365775 0.0003221070 2.0906042169 0.0253330836 1.6958426231 0.0488926205
0.42500 0.0029719000 0.4595993000 0.5374288000 0.0000464817 0.0005958777 0.0006133735 2.3338424879 0.0444795584 1.9992187436 0.1118972830
0.45000 0.0027569000 0.4285705000 0.5686726000 0.0000518812 0.0004584011 0.0004709938 2.5448652502 0.0465054672 2.1958461908 0.0830966619
0.47500 0.0025581000 0.3999597000 0.5974822000 0.0000456008 0.0004846956 0.0004733495 2.7687856393 0.0404112386 2.5081972298 0.0897754181
0.50000 0.0024006000 0.3735031000 0.6240963000 0.0000536930 0.0006554177 0.0006591479 2.9918188059 0.0554436257 2.7941851995 0.1700446813
0.52500 0.0022204000 0.3496679000 0.6481117000 0.0000322187 0.0003344489 0.0003380763 3.2316090815 0.0900696466 3.0125224463 0.1708259149
0.55000 0.0020768000 0.3278360000 0.6700872000 0.0000514497 0.0004345836 0.0004500711 3.4640477418 0.0498964129 3.3287991963 0.1202656526
0.57500 0.0019460000 0.3072724000 0.6907816000 0.0000493919 0.0002680179 0.0002789354 3.6773595793 0.1040941309 3.5777530561 0.1526662153
0.60000 0.0017891000 0.2886094000 0.7096015000 0.0000560009 0.0004090295 0.0003794980 3.9618111656 0.1326373085 3.9530345275 0.2358347786
0.62500 0.0016836000 0.2714523000 0.7268641000 0.0000558872 0.0004949137 0.0004849280 4.1366912133 0.0872983743 4.0490032549 0.2024099651
0.65000 0.0015842000 0.2554927000 0.7429231000 0.0000327000 0.0003743371 0.0003779375 4.3431547633 0.0921299678 4.4372873256 0.2384135967
0.67500 0.0015098000 0.2411927000 0.7572975000 0.0000355271 0.0003757103 0.0003744618 4.5994330629 0.1503036247 4.6580346610 0.2480933295
0.70000 0.0013969000 0.2274559000 0.7711472000 0.0000325831 0.0005085005 0.0005250242 4.9066934142 0.1476504870 5.0604978822 0.2576275179
0.72500 0.0013130000 0.2150248000 0.7836622000 0.0000319548 0.0003310471 0.0003218746 5.1140726971 0.1722767096 5.4205428124 0.3824313073
0.75000 0.0012563000 0.2033563000 0.7953874000 0.0000380673 0.0004321736 0.0004482460 5.3200113195 0.1479920783 5.5928524679 0.3899451587
0.77500 0.0011889000 0.1926545000 0.8061566000 0.0000274285 0.0005063197 0.0005082614 5.5551097861 0.1665675557 5.9352925036 0.3035052568
0.80000 0.0011128000 0.1826314000 0.8162558000 0.0000304259 0.0004042406 0.0004065767 5.7086884510 0.1346418377 6.0409755798 0.2507208933
0.82500 0.0010496000 0.1735910000 0.8253594000 0.0000241900 0.0002546165 0.0002617438 6.0158636798 0.2122412884 6.4612309671 0.4841443502
0.85000 0.0010132000 0.1649707000 0.8340161000 0.0000298321 0.0003911919 0.0003791876 6.2706593182 0.2548837070 6.7311575218 0.3927606553
0.87500 0.0009596000 0.1569312000 0.8421092000 0.0000254654 0.0003293741 0.0003292560 6.3414703651 0.1816093186 6.7614580808 0.3615306030
0.90000 0.0009122000 0.1494633000 0.8496245000 0.0000234274 0.0003814074 0.0003754938 6.5692992320 0.1775218692 7.2527115863 0.5045550588
0.92500 0.0008803000 0.1426991000 0.8564206000 0.0000332400 0.0003119364 0.0003066138 6.9491359316 0.1794859605 7.5950782241 0.3192268708
0.95000 0.0008104000 0.1359596000 0.8632300000 0.0000395340 0.0002835369 0.0002832992 6.9634907544 0.2041514765 7.4777408778 0.5916426799
0.97500 0.0007936000 0.1300020000 0.8692044000 0.0000279730 0.0004498770 0.0004421119 7.3731041762 0.1193801482 8.0348108164 0.3002712524
1.00000 0.0007483000 0.1242182000 0.8750335000 0.0000293335 0.0003115634 0.0003184044 7.4986418420 0.1863078570 8.1192115066 0.3628271579
1.02500 0.0007199000 0.1188822000 0.8803979000 0.0000266101 0.0002076096 0.0002191136 7.8248119915 0.2695647349 8.6532896823 0.3388592644
1.05000 0.0006954000 0.1139882000 0.8853164000 0.0000239546 0.0002493702 0.0002550596 7.9620700203 0.4720164046 8.5332233851 0.8215331866
1.07500 0.0006539000 0.1091220000 0.8902241000 0.0000188765 0.0003065866 0.0003111471 8.1612784916 0.3831308777 8.9429480341 0.6897991428
1.10000 0.0006436000 0.1045922000 0.8947642000 0.0000205491 0.0002893540 0.0002847056 8.2526373688 0.2620096516 9.1078905743 0.4588640135
1.12500 0.0006162000 0.1003364000 0.8990474000 0.0000201428 0.0001991148 0.0002042478 8.5511086571 0.3497146940 9.4383622369 0.8028028929
1.15000 0.0005804000 0.0966066000 0.9028130000 0.0000219403 0.0002960845 0.0003016017 9.0106627292 0.3567093559 10.3685890079 0.9573764912
1.17500 0.0005561000 0.0929963000 0.9064476000 0.0000220174 0.0003034150 0.0003138624 9.0741926416 0.5453968561 9.9096576154 0.8618627606
1.20000 0.0005484000 0.0894062000 0.9100454000 0.0000298560 0.0002420853 0.0002617710 8.9733102224 0.5448987115 9.8580367062 0.8234506413
1.22500 0.0005195000 0.0859143000 0.9135662000 0.0000177967 0.0002837644 0.0002880076 9.3193283039 0.6502224152 10.4008191347 1.2329039151
1.25000 0.0004966000 0.0831091000 0.9163943000 0.0000226087 0.0003232960 0.0003237180 9.7644375454 0.5213617105 10.9498094033 1.0556322909
1.27500 0.0004912000 0.0798534000 0.9196554000 0.0000265405 0.0002444346 0.0002334163 9.9155502525 0.4414092207 11.0131147177 0.9367958398
1.30000 0.0004585000 0.0769691000 0.9225724000 0.0000195860 0.0002854425 0.0002922427 10.1171727504 0.4527862875 11.5907133462 1.2142402993
1.32500 0.0004617000 0.0742571000 0.9252812000 0.0000157906 0.0002546717 0.0002607254 10.3119461565 0.6656401474 11.7473378732 1.3622848803
1.35000 0.0004339000 0.0718123000 0.9277538000 0.0000250264 0.0002594122 0.0002533196 10.5444670655 0.3550044450 11.6846354730 0.8060954638
1.37500 0.0004166000 0.0694712000 0.9301122000 0.0000279253 0.0002338964 0.0002224799 10.5739905476 0.5500955939 12.0052307040 1.0815032570
1.40000 0.0004132000 0.0670869000 0.9324999000 0.0000119238 0.0002493638 0.0002544338 10.9855029705 0.4275505412 12.1560007443 1.0600493750
1.42500 0.0003866000 0.0649142000 0.9346992000 0.0000098793 0.0002451439 0.0002474325 11.3230687387 0.4609182154 12.4767092406 0.9280052485
1.45000 0.0003814000 0.0628211000 0.9367975000 0.0000194376 0.0002738501 0.0002851340 11.5489602470 0.4551167245 13.2020618634 0.8180461233
1.47500 0.0003629000 0.0607896000 0.9388475000 0.0000213669 0.0002186327 0.0002078216 11.6170273225 0.5372845344 13.0981956649 1.4178238516
1.50000 0.0003573000 0.0589442000 0.9406985000 0.0000177015 0.0003002739 0.0003089506 11.5055358629 1.1660707071 12.7535133491 1.8355275191
1.52500 0.0003371000 0.0571038000 0.9425591000 0.0000143407 0.0002054084 0.0002104310 11.9423873639 0.4356191226 13.3527068871 1.0784341893
