 501735
 476017
 451643
 427571
 406169
 386349
 367439
 349844
 331741
 314463
 299278
 284389
 270515
 256557
 243298
 231690
 219460
 209792
 198965
 189013
 179537
 170052
 161621
 154257
 145281
 138486
 131530
 125182
 118779
 112936
 107112
 102042
 97279
 92142
 87091
 83487
 78517
 74743
 71634
 67902
 64263
 61207
 58004
 55089
 52425
 49541
 47238
 44568
 42348
 40529
 38606
 36388
 34790
 33004
 31054
 29881
 28462
 27072
 25619
 24303
 23156
 22008
 20855
 19731
 18562
 17788
 16992
 16217
 15178
 14482
 13931
 13107
 12268
 11759
 11188
 10791
 10049
 9557
 9150
 8775
 8170
 7850
 7354
 6975
 6579
 6288
 6020
 5753
 5390
 5154
 4849
 4846
 4490
 4203
 3948
 3798
 3601
 3474
 3389
 3159
 3074
 2822
 2603
 2582
 2364
 2302
 2240
 2074
 1952
 1785
 1864
 1636
 1618
 1460
 1462
 1407
 1288
 1173
 1166
 1123
 1088
 1004
 1007
 936
 903
 795
 769
 755
 694
 677
 648
 622
 567
 524
 512
 503
 465
 438
 393
 435
 367
 347
 324
 302
 287
 298
 286
 225
 247
 253
 222
 229
 206
 195
 187
 157
 159
 168
 144
 146
 132
 132
 101
 107
 122
 120
 93
 86
 93
 92
 90
 79
 77
 76
 65
 65
 62
 69
 69
 56
 55
 51
 50
 43
 30
 31
 38
 27
 31
 35
 18
 30
 25
 36
 25
 19
 21
 22
 17
 368
