 28176
 86123
 153794
 237894
 155365
 143553
 173138
 175706
 145664
 152464
 156992
 149805
 142611
 144143
 141966
 138698
 135815
 134447
 131632
 128951
 127374
 125307
 122826
 120529
 118075
 115785
 113869
 111922
 109552
 107987
 106304
 104011
 102315
 100876
 98148
 97484
 95519
 93772
 92181
 89937
 88539
 87283
 85642
 83907
 82021
 81015
 80084
 78295
 76669
 75841
 74358
 72619
 71929
 69918
 69116
 67730
 66379
 65342
 64846
 63487
 61830
 60791
 59398
 58931
 58104
 56512
 55619
 54585
 53714
 52784
 51693
 51058
 49602
 49041
 48405
 47234
 46305
 45466
 44860
 44295
 43484
 42269
 41684
 40675
 40120
 39904
 39219
 38455
 37207
 36800
 36127
 35520
 34630
 34429
 33622
 33261
 32535
 32024
 31392
 30713
 30177
 29583
 29217
 28560
 28305
 27441
 27176
 27059
 26262
 25668
 25271
 24813
 24292
 24046
 23580
 23237
 22542
 22609
 21807
 21320
 20973
 20647
 20479
 20274
 19517
 19051
 19110
 18649
 18451
 18001
 17236
 17329
 16996
 16808
 16214
 16220
 15747
 15916
 15295
 15056
 14781
 14422
 14246
 13985
 13663
 13542
 13337
 12825
 12619
 12451
 12337
 12052
 11771
 11747
 11534
 11242
 10942
 10922
 10723
 10556
 10270
 10255
 9972
 9821
 9672
 9508
 9327
 9078
 8977
 8792
 8645
 8570
 8394
 8097
 8086
 7919
 7780
 7641
 7496
 7332
 7134
 7199
 6826
 6866
 6750
 6522
 6512
 6202
 6216
 6129
 5874
 5931
 5897
 5584
 5501
 5509
 5337
 5421
 5332
 5116
 4997
 4921
 4764
 4706
 4706
 4607
 4459
 4492
 4269
 4143
 4198
 4141
 4076
 4026
 3883
 3853
 3731
 3610
 3499
 3519
 3654
 3521
 3368
 3263
 3282
 3280
 3144
 3153
 3058
 2964
 2954
 2811
 2857
 2814
 2679
 2640
 2691
 2562
 2499
 2486
 2453
 2427
 2332
 2299
 2255
 2194
 2241
 2185
 2088
 2002
 2004
 2013
 1946
 1842
 1835
 1854
 1790
 1791
 1747
 1658
 1661
 1698
 1681
 1684
 1667
 1598
 1478
 1469
 1414
 1490
 1498
 1386
 1423
 1395
 1346
 1377
 1324
 1249
 1235
 1251
 1214
 1212
 1110
 1193
 1134
 1127
 1078
 1113
 1078
 1027
 987
 909
 974
 925
 896
 953
 888
 857
 830
 845
 836
 851
 803
 788
 817
 774
 803
 728
 739
 661
 701
 665
 688
 641
 649
 668
 656
 627
 604
 619
 609
 521
 516
 542
 530
 512
 534
 497
 476
 487
 453
 523
 467
 454
 475
 468
 435
 421
 436
 431
 421
 415
 370
 367
 377
 364
 361
 366
 338
 370
 336
 352
 312
 354
 320
 336
 289
 291
 286
 298
 294
 276
 293
 253
 256
 274
 250
 275
 264
 239
 220
 206
 213
 213
 231
 216
 213
 214
 207
 200
 207
 195
 183
 211
 196
 182
 181
 160
 159
 152
 160
 176
 158
 152
 154
 153
 134
 139
 163
 133
 137
 128
 131
 146
 117
 120
 142
 119
 123
 116
 105
 103
 117
 104
 106
 115
 86
 103
 119
 94
 89
 94
 104
 90
 82
 77
 76
 79
 86
 75
 78
 78
 80
 75
 75
 65
 71
 68
 59
 73
 72
 74
 68
 66
 61
 62
 64
 49
 42
 68
 56
 61
 73
 48
 59
 63
 38
 42
 50
 38
 50
 46
 51
 39
 35
 38
 46
 38
 33
 43
 42
 40
 42
 39
 39
 44
 33
 33
 33
 29
 34
 25
 40
 26
 28
 28
 25
 28
 34
 25
 28
 24
 33
 24
 32
 32
 23
 25
 28
 23
 30
 26
 23
 17
 22
 21
 28
 26
 18
 27
 23
 13
 24
 18
 17
 21
 23
 25
 16
 17
 16
 14
 15
 20
 13
 13
 15
 19
 14
 19
 13
 11
 13
 7
 13
 15
 11
 14
 16
 10
 13
 9
 10
 7
 10
 11
 7
 9
 5
 8
 14
 12
 5
 13
 7
 6
 9
 8
 7
 10
 9
 4
 9
 6
 9
 8
 9
 7
 10
 2
 6
 6
 8
 5
 5
 11
 4
 7
 7
 6
 3
 8
 9
 2
 4
 8
 6
 4
 7
 5
 6
 2
 4
 8
 4
 3
 3
 1
 3
 3
 3
 6
 3
 2
 8
 1
 4
 2
 4
 4
 5
 1
 4
 3
 5
 2
 0
 5
 3
 0
 4
 1
 3
 1
 0
 1
 4
 2
 4
 1
 2
 2
 2
 4
 0
 2
 2
 1
 3
 2
 1
 3
 4
 0
 4
 3
 1
 2
 1
 1
 1
 1
 1
 2
 1
 2
 2
 1
 0
 2
 1
 1
 2
 0
 2
 2
 0
 2
 0
 0
 2
 1
 0
 1
 2
 2
 0
 0
 1
 3
 2
 2
 0
 1
 1
 1
 1
 0
 1
 0
 0
 1
 3
 0
 1
 0
 1
 0
 0
 0
 0
 1
 0
 0
 2
 0
 0
 0
 0
 0
 1
 1
 0
 0
 1
 0
 0
 1
 1
 0
 0
 0
 0
 0
 1
 1
 0
 0
 1
 1
 1
 0
 0
 1
 0
 0
 1
 0
 0
 0
 1
 1
 0
 0
 0
 0
 1
 0
 0
 0
 0
 0
 0
 1
 0
 0
 0
 0
 1
 0
 2
 1
 0
 0
 0
 0
 0
 0
 1
 1
 0
 1
 0
 0
 1
 0
 1
 0
 0
 1
 0
 0
 0
 0
 0
 0
 2
 0
 0
 0
 0
 0
 0
 0
 0
 0
 1
 0
 0
 1
 0
 0
 0
 0
 0
 0
 0
 0
 0
 0
 0
 0
 0
 0
 1
 0
 0
 0
 0
 0
 0
 0
 0
 0
 0
 0
 0
 0
 1
 0
 0
 0
 0
 0
 0
 0
 0
 0
 0
 0
 0
 0
 0
 0
 0
 0
 0
 0
 0
 0
 0
 0
 0
 0
 0
 0
 0
 0
 0
 0
 0
 0
 0
 1
 0
 0
 0
 0
 1
 0
 0
 0
 0
 0
 0
 0
 0
 0
 0
 0
 0
 0
 1
 0
 0
 0
 0
 0
 0
 0
 0
 0
 0
 0
 0
 0
 0
 0
 0
 0
 0
 0
 0
 0
 0
 0
 0
 0
 0
 0
 0
 0
 0
 0
 0
 0
 0
 0
 0
 0
 0
 0
 0
 0
 0
 0
 0
 0
 0
 0
 0
 0
 0
 0
 0
 0
 0
 0
 0
 0
 0
 0
 0
 0
 0
 0
 0
 0
 0
 0
 0
 0
 0
 0
 0
 0
 0
 0
 0
 0
 0
 0
 0
 0
 0
 0
 0
 0
 0
 0
 0
 0
 0
 0
 0
 0
 0
 0
 0
 0
 0
 0
 0
 0
 0
 0
 0
 0
 0
 0
 0
 0
 0
 0
 0
 0
 0
 0
 0
 1
