#Number of source points: 100
0.0868099 0.342311
-0.443261 -0.175907
-0.150965 0.0527649
0.689552 -0.70279
-0.756862 -0.627066
0.341498 -0.579785
0.651706 -0.0945202
0.150187 -0.872638
0.782644 0.248624
-0.581596 0.0466955
-0.629344 0.124593
-0.560605 -0.385154
0.623366 -0.746692
0.63245 -0.377294
-0.451853 0.264767
-0.136592 0.398718
0.88006 0.28393
-0.327776 -0.402247
-0.649179 0.137491
-0.254336 -0.642751
-0.988623 0.0651474
-0.495147 0.293383
0.591325 -0.715869
-0.96949 0.162778
0.197687 -0.0416201
0.207609 -0.227162
-0.789705 -0.11907
-0.236113 -0.190485
-0.927048 -0.115492
-0.880116 0.101917
0.781092 -0.237853
0.153803 0.0585316
0.260368 -0.648357
0.163684 -0.763394
0.0893698 0.65019
0.53823 0.672264
-0.49861 -0.84921
0.950013 -0.285755
0.769707 0.331387
0.197718 -0.784164
-0.290409 0.802026
-0.31962 0.589758
-0.643838 0.622922
-0.524612 0.280556
-0.910275 0.249559
0.0108629 -0.708985
-0.247495 0.140432
0.185611 -0.869775
0.259884 -0.373175
-0.714799 -0.565868
0.867683 0.0539008
0.89276 -0.145783
0.204593 0.965261
-0.224467 -0.719097
-0.273624 0.496823
-0.591309 0.577681
-0.44647 0.460793
-0.506928 0.691237
-0.652784 0.112381
0.195947 -0.371166
0.462602 0.120784
-0.31923 -0.491971
-0.073004 -0.93151
0.0173978 0.37309
-0.82308 -0.12213
0.0560704 0.955442
0.984316 -0.0452317
-0.209928 -0.522095
-0.328807 0.864701
0.610901 -0.72657
0.508698 -0.656144
-0.373867 0.00610898
0.268073 -0.888294
0.0808091 -0.404666
-0.406412 0.855427
-0.778424 -0.226807
-0.374719 -0.0757491
-0.0860417 0.157258
0.31788 -0.772159
-0.491485 -0.263173
0.282203 -0.278503
-0.599753 0.760037
0.31525 -0.450916
0.556578 -0.550838
0.559197 0.627946
0.220656 -0.883598
-0.381999 0.460307
0.719237 0.199974
0.250648 -0.938918
0.953 -0.120441
-0.666612 0.120889
0.846994 0.402975
0.9071 -0.228856
-0.278949 -0.898066
0.0987505 -0.129857
-0.0787968 -0.812433
0.392323 0.103039
0.000711784 0.286206
0.432142 -0.119491
0.0519119 0.577748
