#Number of source points: 1000
0.0327973 0.10508
0.141335 0.905369
0.370554 0.0682218
0.667794 -0.421315
-0.386068 0.154313
0.787226 -0.467623
0.443088 0.557776
-0.620122 0.784128
0.108455 -0.848636
-0.295736 0.651305
0.571204 0.180463
0.930966 0.0685064
-0.535293 0.162515
-0.832877 0.549433
0.207097 0.955824
0.457986 0.223199
-0.447522 0.892569
0.370613 -0.134207
0.0357349 0.583653
-0.903031 -0.0869951
-0.724262 0.653356
-0.626065 -0.707521
0.0413308 0.18255
0.157579 -0.116628
0.469638 -0.0159679
0.0839235 0.463019
-0.194004 -0.550702
-0.285551 0.359399
-0.312737 0.307589
0.7302 0.678927
0.660555 -0.719279
0.0763229 -0.969611
0.844939 -0.328883
0.403015 -0.192564
-0.448855 0.750494
0.344983 -0.580438
0.402742 -0.119102
-0.0247296 0.234456
0.361356 0.0894832
0.0430964 -0.167032
-0.552127 -0.723855
0.15041 0.786935
-0.759133 -0.525981
0.000233439 -0.877663
-0.723981 0.38794
-0.894383 0.227028
-0.643446 -0.00473143
-0.115264 0.102492
0.898528 0.328583
-0.0436652 -0.42975
-0.0777613 -0.0829208
0.274578 0.644942
-0.350784 0.544957
-0.764844 0.01758
-0.897798 0.269554
0.275317 0.241499
0.340521 0.571011
0.303535 -0.311248
-0.150862 0.968446
0.313191 -0.519807
-0.581677 -0.675624
0.319849 0.147689
0.0592468 -0.447465
0.497041 -0.193894
0.569044 -0.459822
0.374484 0.739268
0.390157 0.165947
-0.00626695 -0.240916
0.950722 -0.0999172
-0.592945 0.644764
-0.544688 0.393296
-0.903662 -0.271361
0.807943 0.548731
0.214433 -0.192479
0.261693 -0.444578
-0.244116 -0.169868
-0.973518 -0.151122
-0.230125 0.395884
0.103332 -0.317303
0.421076 0.633351
0.350558 -0.780081
0.389129 -0.490322
-0.315086 -0.358678
-0.175219 0.00948717
-0.520418 0.17943
0.937672 0.0581369
-0.297131 0.0486317
0.467135 -0.252409
0.401975 0.659656
-0.222937 0.1824
0.472983 -0.651065
-0.523071 -0.268945
0.647547 -0.610971
0.521227 -0.00276557
-0.210582 -0.723485
-0.599624 -0.1342
0.425193 0.244296
0.690618 0.217803
-0.262707 -0.646806
-0.12604 0.50891
-0.286805 -0.383337
0.306756 0.287448
-0.219122 -0.0977804
0.315566 -0.641716
-0.275453 0.260085
-0.286996 -0.331325
-0.609497 -0.591159
0.0961609 -0.591899
0.121816 -0.593475
-0.850491 -0.330545
0.784542 0.170391
0.251547 0.680689
-0.798301 0.333969
0.421706 -0.394677
0.762659 0.594928
0.39058 -0.716549
-0.467655 0.83455
0.819928 0.561872
0.159237 0.435094
-0.280626 0.66314
0.705268 -0.59359
-0.507642 0.192739
0.560888 0.339927
-0.908981 -0.354563
0.770082 0.0260228
-0.447158 -0.562772
0.161849 -0.461187
0.0343212 0.15186
0.890764 0.32329
0.0938622 0.0185123
-0.471677 0.566189
0.294427 0.848353
-0.0740292 -0.984369
0.262014 -0.395686
0.0224726 0.200964
-0.555238 -0.506414
0.468991 -0.373097
0.599323 0.482346
0.753243 -0.295854
-0.394752 -0.771932
0.218543 0.240336
-0.829998 -0.367668
-0.361644 0.280978
0.744813 0.407281
0.37982 0.218433
0.831921 -0.525241
-0.185609 -0.354908
-0.674779 -0.139539
-0.631818 0.35411
-0.552458 -0.121988
0.477037 -0.541033
0.834954 -0.202242
0.206996 -0.623464
-0.0911609 -0.247862
-0.238036 0.372908
0.285624 0.548215
-0.738945 0.625114
0.46113 -0.0353925
-0.989124 -0.0742795
0.301323 0.031585
-0.0939029 0.430059
-0.59871 0.799567
0.262258 -0.158916
0.677101 -0.631503
0.051092 0.95735
-0.258124 -0.92909
-0.148501 -0.879822
-0.469809 -0.00694531
-0.107185 -0.567646
0.504108 0.454422
0.0418524 -0.531904
-0.0752349 -0.151215
-0.865087 -0.272956
0.24568 -0.0958594
-0.0985281 0.247817
0.369555 0.753419
0.465143 -0.810472
-0.70039 -0.491925
0.217991 0.395342
0.725308 -0.309168
-0.78964 0.518283
-0.104703 -0.659764
-0.124453 0.525843
0.241392 0.206514
-0.261656 -0.847981
-0.209348 0.944144
-0.382857 0.419584
0.184165 -0.783549
-0.630411 -0.181489
0.759007 0.251847
0.380175 -0.188828
0.808008 0.362395
0.208258 0.546865
-0.0171845 0.0394223
0.586305 -0.78068
-0.64595 -0.158743
-0.315941 -0.215294
-0.488937 -0.603789
0.522234 0.824395
-0.0443595 -0.69951
0.184239 0.0787394
-0.326454 -0.799995
0.00828227 0.878952
-0.376727 0.464178
0.715113 -0.590857
-0.188086 0.707044
0.151778 0.347797
0.382314 0.121332
0.727701 0.425674
0.667027 0.570424
0.536046 -0.326032
-0.426659 0.519789
-0.388351 -0.431434
0.651808 -0.570491
0.141484 -0.721905
-0.334217 0.113942
0.602602 -0.155044
0.791124 0.413225
0.510452 0.592676
0.338064 0.15569
0.650539 0.706306
0.561243 -0.359454
0.454205 -0.698509
-0.497808 -0.547679
0.095025 0.779522
-0.317176 -0.823145
0.153311 -0.271659
-0.584583 0.33711
0.846978 -0.170686
-0.484512 -0.349833
0.388655 0.896912
0.519686 -0.278784
0.995298 0.0566834
0.57503 -0.323151
-0.276038 0.68397
-0.332104 -0.252787
0.486438 0.801436
-0.355542 0.178635
-0.240061 0.148567
0.386694 0.234438
-0.206243 0.750252
0.142054 0.413137
-0.634559 -0.672781
-0.062694 0.0985155
0.876256 0.407328
-0.112013 0.429697
0.264748 0.891441
-0.428361 -0.756582
0.217294 -0.840464
0.37066 -0.584999
-0.374811 0.261026
-0.438265 -0.0518278
-0.104688 0.111916
0.178888 -0.0273909
0.769825 0.132391
-0.252185 0.00778022
0.643304 0.252198
0.0441448 -0.739508
0.464585 0.281252
0.271337 0.521233
0.300271 0.832487
0.0646014 0.946213
-0.609507 0.111069
-0.754058 0.374658
-0.540241 0.443299
-0.547261 0.535795
0.325577 -0.801818
-0.0444255 0.0599342
0.426851 -0.00979824
0.415327 0.845881
-0.000245125 -0.425938
-0.746616 0.327267
0.773267 0.293138
-0.138779 0.214426
0.878001 0.0527363
0.157139 -0.0970343
0.727548 0.0275654
0.367075 -0.914534
-0.0408744 -0.238112
-0.113537 -0.927654
-0.116486 -0.0491818
-0.1318 0.908934
-0.0558168 0.30855
-0.392243 -0.571329
-0.809849 -0.445425
0.339554 0.579524
-0.183753 0.142279
-0.376486 -0.817863
0.712147 0.495266
-0.932524 0.316072
0.840552 -0.226717
0.312613 0.187639
-0.0280307 0.344682
-0.345252 0.873911
0.830567 0.0666915
-0.825087 -0.0254316
-0.461068 -0.578666
0.0386375 -0.332911
0.0706191 -0.937115
0.740772 0.104997
-0.800364 0.0507844
0.729605 -0.297214
-0.929638 0.106069
-0.287746 0.534168
0.251136 0.423945
-0.727601 0.445258
0.390788 0.714633
0.129871 0.163012
-0.573712 -0.549706
0.234948 0.333471
0.71765 -0.334455
0.42401 0.533708
0.289305 0.324895
0.36424 -0.0813635
-0.070385 -0.42875
-0.205916 -0.79237
-0.795365 -0.270513
-0.110293 -0.794328
0.247949 0.364942
-0.35166 0.0972428
0.103811 0.59215
0.383405 0.596325
-0.920005 -0.0322593
0.286075 0.660928
0.685048 0.0891722
-0.866961 0.245336
-0.261429 -0.216571
-0.00245214 -0.461093
-0.196057 -0.873205
-0.631918 -0.713127
0.792856 0.385757
0.874177 -0.462942
-0.537886 -0.638102
0.0263611 0.306964
0.608406 -0.585471
-0.219042 -0.300504
-0.411454 0.0241204
-0.143191 -0.839845
-0.110684 -0.28438
0.905883 0.00578166
-0.485877 -0.840883
0.0645164 -0.194747
0.557601 -0.196173
0.677436 0.023867
0.831115 0.364045
-0.274619 0.536119
0.0576792 0.0653493
0.648433 -0.438855
0.505303 0.325633
-0.329281 0.909178
0.393544 -0.633769
0.766684 -0.574033
-0.879537 0.136816
0.311509 0.822438
0.800369 0.100133
-0.319138 -0.704548
0.367765 -0.316653
0.158086 0.789938
-0.537012 0.0936605
-0.864486 0.0552861
0.456461 0.211252
0.433677 0.52238
0.546364 -0.727875
0.514397 -0.265003
-0.849619 0.202199
-0.153003 0.81991
-0.219328 -0.817252
-0.0384456 0.517501
0.163261 0.981798
0.87883 0.188081
0.188001 0.922428
-0.238818 0.379554
-0.512353 0.710635
-0.170592 0.750039
0.23376 0.90848
0.148936 0.384064
-0.767959 -0.227111
-0.281324 -0.373582
-0.404407 0.752101
-0.299135 -0.415842
0.867982 0.149008
0.546462 0.756701
-0.85299 -0.368527
-0.255985 0.0501151
-0.320796 -0.814183
-0.736677 -0.234034
0.739414 0.323752
-0.923936 0.013329
-0.598343 -0.38547
-0.00666958 0.838981
0.910144 0.377734
0.525719 0.648801
-0.421139 0.380668
0.124829 0.0183026
-0.833891 -0.081694
0.267544 -0.636489
-0.302839 -0.0566404
0.116418 -0.839713
0.910653 0.332952
0.246372 0.489805
-0.861734 -0.213146
-0.164682 0.953878
-0.468233 0.215453
0.606591 -0.414887
0.198857 -0.388377
-0.0840153 0.995826
-0.691125 -0.294919
-0.312649 -0.742907
0.00196004 0.600947
0.134815 -0.189898
-0.929667 0.366096
0.314241 -0.574156
-0.405455 -0.105849
0.191221 0.532354
0.215621 0.780894
-0.0457596 0.552912
0.32696 -0.339229
0.18729 -0.135368
0.655011 0.688682
-0.332375 0.299973
-0.433803 0.681062
-0.424603 -0.0141308
-0.0956873 0.711528
-0.584597 0.0962549
-0.71169 -0.206863
0.0127462 0.447766
0.120719 0.439541
-0.787159 -0.569069
0.213831 0.27688
-0.484671 -0.798076
-0.406102 -0.418218
0.352024 -0.481327
-0.505962 -0.167102
-0.194886 0.704893
-0.822208 -0.485749
-0.812717 0.212838
0.406444 0.687352
0.720917 0.379859
-0.877073 0.314196
0.195053 -0.972838
0.104786 -0.142448
0.616322 -0.468704
0.515282 0.479882
-0.206957 -0.356139
-0.034403 -0.749901
-0.460628 -0.71582
0.232893 0.751344
0.290707 -0.708605
-0.0386775 -0.591317
0.848983 -0.400205
0.387443 -0.57411
-0.387588 0.896071
0.415575 0.793722
-0.49125 -0.358111
-0.370307 -0.921505
0.45659 -0.244205
-0.401533 -0.522843
-0.498535 -0.251274
-0.00453246 -0.583491
-0.659213 -0.357551
0.797523 -0.160622
0.680451 0.595983
-0.0366374 0.737202
-0.529953 0.518668
-0.405221 -0.129134
-0.332224 0.45133
0.752722 -0.205548
-0.468339 0.105826
-0.0510021 -0.896989
0.125504 -0.370123
-0.0661295 -0.866123
-0.248397 0.698573
0.239105 0.550079
0.506725 0.323912
-0.48557 0.757525
-0.7957 0.192901
0.995736 0.0593729
-0.00736441 -0.439214
-0.148904 -0.66061
-0.224387 -0.965864
-0.112515 -0.246734
-0.0359971 -0.233334
0.255098 -0.57125
-0.474042 -0.811564
-0.917053 0.372548
-0.745026 0.589896
0.245769 -0.53117
0.74571 0.663801
-0.00707556 0.483117
0.801283 -0.568133
0.400507 0.755103
-0.604479 0.141025
0.84976 -0.0295709
-0.818635 -0.0179353
-0.159211 -0.124236
0.597749 -0.212188
0.314801 0.339476
0.793901 -0.153768
-0.633616 -0.404994
0.163699 0.328576
-0.287688 0.849471
-0.352089 0.114361
-0.208262 -0.845841
0.644891 0.388788
-0.0939598 0.339794
-0.175443 -0.64289
0.142305 0.434738
-0.063267 -0.0452103
0.697804 -0.710149
0.528949 0.239759
-0.311315 0.751601
-0.0394549 -0.705934
-0.125179 -0.870831
0.339403 -0.597123
0.0563979 -0.692262
0.681709 0.204874
-0.202226 0.968266
0.282967 -0.0262133
-0.0417536 -0.789566
-0.163073 0.870984
0.599129 0.365784
0.211675 -0.293349
-0.289926 -0.366494
0.67219 -0.326216
-0.256427 -0.902741
-0.465171 -0.732632
-0.316178 0.51764
0.52843 -0.221572
-0.809841 -0.129976
0.328383 0.517487
0.552745 0.29996
-0.00152775 0.565231
0.30607 0.245065
0.0601438 -0.524422
-0.0695676 0.916806
0.25934 0.598666
-0.136309 0.972273
0.561622 -0.455044
-0.227263 -0.969957
-0.690446 0.380861
-0.495536 0.183372
0.732304 0.179245
-0.161256 0.943809
0.302373 -0.153459
-0.462648 -0.329841
-0.262168 0.533457
0.125503 -0.167789
-0.258118 0.138105
0.16624 0.750881
-0.204909 0.444239
0.585383 0.455239
0.568867 0.553392
0.636668 0.223671
-0.198933 0.1417
-0.696231 -0.652704
0.0142549 -0.0984041
0.219788 -0.681233
-0.765285 -0.183369
0.206703 -0.757723
-0.540365 -0.45526
-0.337974 0.199878
-0.473876 -0.449144
-0.555076 0.34208
0.215754 -0.63903
-0.489151 -0.182179
-0.237543 0.185279
-0.636901 -0.587701
-0.329282 -0.306031
0.909757 0.267206
0.266828 0.00292819
-0.0909019 0.750903
0.357445 0.334577
-0.228473 0.619418
0.544822 -0.109393
0.538789 0.181842
-0.598178 0.455297
0.420151 -0.884239
0.390664 -0.662052
-0.11535 -0.0847867
-0.447013 0.226947
-0.269794 0.781688
-0.51216 -0.425785
-0.194706 -0.833531
0.189172 -0.847219
-0.167225 0.703715
0.187254 0.705217
-0.10477 0.366141
0.0406019 0.333816
-0.15338 -0.752364
0.382027 -0.398792
-0.409516 0.189247
0.519626 0.453345
-0.117729 -0.367676
-0.0425932 0.688144
0.748816 -0.321842
0.676063 0.426048
0.335402 -0.730524
-0.781255 -0.204646
-0.271816 -0.235585
-0.338519 0.823507
0.599937 -0.307743
-0.883931 -0.283657
0.449107 0.0310286
0.194558 -0.916541
-0.665806 -0.556368
0.751155 -0.527924
0.339076 -0.280641
-0.702841 -0.159212
-0.533738 0.701276
0.73067 0.0367237
-0.201969 0.660627
0.242126 -0.897081
0.104783 0.402828
-0.727448 -0.473327
0.244229 -0.0162838
-0.601814 0.512655
-0.361489 0.254702
0.555413 0.590641
-0.116951 -0.265524
0.806234 0.397834
0.593737 -0.577493
-0.283636 0.478282
-0.437337 -0.0861
0.063762 -0.0699237
-0.13007 0.34802
0.0907053 0.197818
-0.692256 0.202699
-0.910734 -0.196905
0.77794 0.509894
0.914298 -0.306139
-0.381281 -0.209614
-0.730648 0.0680487
-0.562103 -0.715197
-0.0393224 0.0620704
-0.885824 -0.254358
0.651428 0.583401
-0.194273 -0.518832
0.67068 0.302391
0.742019 0.303013
-0.672461 0.55356
0.0405841 0.64331
0.316074 0.421431
-0.681245 -0.630327
0.566454 -0.356398
-0.565184 0.610946
-0.476781 0.425196
0.371873 -0.723081
-0.129386 0.172659
-0.0678843 -0.0596169
-0.383862 0.386372
0.735164 0.0983405
0.0472139 0.691938
-0.602575 -0.371732
0.765518 -0.472619
0.229874 -0.275236
-0.705007 0.626152
-0.233083 -0.678007
-0.125815 0.933927
-0.20574 -0.404153
0.749776 -0.222081
-0.348116 0.560221
-0.865363 -0.0674459
-0.890475 -0.406225
-0.384257 0.64944
0.225091 0.821298
-0.592294 -0.189907
-0.221651 -0.435239
0.060281 0.321805
0.151049 -0.969805
0.210804 -0.803168
0.352447 0.51249
0.239063 0.898965
-0.366983 0.750384
-0.124502 0.597876
0.722606 -0.404195
0.653693 0.387472
-0.312319 0.180069
0.309553 -0.856232
-0.0996631 -0.250791
0.942921 -0.012184
-0.817964 -0.326246
-0.545211 -0.0298766
0.228058 0.0902099
0.330798 -0.267368
-0.887424 -0.113494
0.284146 -0.801226
0.283411 0.89917
0.724531 0.394104
0.416868 -0.765229
0.916712 0.246205
-0.633689 0.215362
-0.663149 -0.669757
-0.488476 -0.684
0.0796349 0.743406
-0.864268 -0.127607
-0.453182 0.703199
0.637665 -0.166778
-0.509815 0.620551
0.257539 -0.272946
-0.814197 -0.356705
-0.651719 -0.296311
0.805726 -0.533473
0.119375 -0.563717
-0.0203843 0.83843
0.103113 0.773856
-0.739071 -0.300929
-0.967218 -0.010697
-0.223192 -0.410887
-0.324752 0.339085
-0.6639 0.442676
0.386505 -0.864148
0.737198 0.385456
-0.140304 -0.848273
0.561556 0.473189
-0.7172 -0.467493
0.910628 -0.242255
-0.0457515 -0.851937
0.0575327 0.171284
0.935875 0.00358911
0.378269 -0.666077
-0.0195826 -0.536243
-0.715692 -0.561822
0.0677198 -0.37766
-0.898386 -0.0386228
0.785437 0.022555
0.49582 0.0136678
-0.430296 -0.723784
-0.149788 0.460088
0.950898 -0.0771542
-0.211756 -0.923321
0.639484 0.699658
0.198671 -0.509058
0.0909206 -0.948663
-0.796882 0.247728
0.288409 -0.837445
-0.498678 -0.183981
-0.29069 -0.628789
-0.107819 0.844894
-0.595224 -0.406413
-0.27115 -0.70324
0.68986 0.458131
-0.785053 0.495944
0.863231 0.0978279
-0.737698 -0.540006
0.113488 0.0486368
-0.095254 0.429856
-0.460456 0.405676
0.112851 0.34031
0.147792 -0.123092
0.235652 -0.634604
-0.298542 0.0496174
0.11951 -0.4671
-0.48939 -0.346722
0.560864 -0.757874
-0.592014 0.344047
-0.00816601 -0.157944
-0.329387 0.629269
-0.405001 -0.364384
-0.138613 0.796651
0.293552 -0.755505
-0.12561 0.215037
-0.0720751 -0.647924
0.135592 0.6814
0.364608 -0.0102187
-0.202254 0.422944
-0.0447257 0.732212
-0.377997 0.536334
-0.514169 0.559174
0.583053 0.601212
-0.11486 -0.318582
0.264229 0.460573
-0.398195 0.0505109
0.15224 0.708198
0.135768 0.141175
0.704562 -0.62772
-0.244216 0.495927
-0.218679 0.792191
-0.58528 0.27584
0.488127 -0.348634
0.625771 -0.528445
0.687749 0.57936
0.182626 -0.0498465
0.570838 -0.149048
-0.711906 -0.111764
-0.163487 -0.122797
-0.697152 -0.212779
-0.305805 -0.912045
0.00955716 -0.820236
-0.523158 0.37411
0.535564 0.389781
0.874658 0.30928
-0.189861 -0.792757
-0.424623 0.653817
0.967753 0.046816
-0.949319 0.292625
0.0992478 -0.603746
0.00356254 0.132481
-0.354972 0.46392
0.637308 -0.399857
-0.11662 0.916542
-0.508689 -0.254286
0.739263 -0.398076
0.0217212 0.856716
0.65981 -0.712854
-0.416865 -0.588139
-0.152761 -0.0213343
0.708629 -0.409194
-0.352435 0.155323
0.75093 -0.57208
0.0102112 0.404956
0.8294 -0.19782
0.0445084 0.62182
-0.347138 -0.810577
0.836156 -0.336699
-0.79179 0.156826
-0.358185 0.16096
0.612828 -0.197749
-0.610494 0.225306
-0.103184 0.358279
-0.45448 0.61257
0.718066 0.281774
0.621583 -0.461073
-0.433206 -0.348473
0.992449 -0.0332291
-0.0147812 -0.660362
-0.100028 -0.309731
0.885209 0.231321
-0.528003 -0.00275919
0.737524 -0.254948
0.275504 0.191597
-0.349348 0.502369
0.357324 -0.658976
0.591183 -0.461071
-0.157257 0.650073
-0.81652 0.112042
-0.359866 -0.0230729
-0.150309 0.580264
0.627433 -0.575689
-0.100109 -0.111934
-0.0116982 0.149342
0.717874 -0.111162
0.465673 0.633197
0.326642 0.0439259
0.474497 0.385347
0.109401 0.883702
0.201303 -0.5039
0.0359218 -0.985871
-0.843179 -0.522883
0.931966 0.21863
-0.142869 -0.208942
0.741807 -0.526629
0.0175345 0.955153
0.704125 -0.504591
-0.253096 0.561065
-0.0693442 0.609807
-0.0854565 0.976615
0.552039 0.328486
0.119955 0.225578
-0.120016 -0.409777
0.663244 0.427188
0.266175 0.125747
0.124569 0.0723655
0.421983 0.87744
0.289217 0.955441
0.13088 0.378239
0.282441 0.0683352
0.161199 0.722133
0.143235 -0.304088
0.347601 0.475821
-0.458577 0.441448
-0.344068 0.289657
0.152198 0.70198
0.576422 -0.35434
-0.293765 0.645606
-0.278155 -0.650717
-0.949656 -0.30314
0.0930558 0.0141605
0.218731 0.617288
0.752953 0.0877055
-0.247903 -0.512564
-0.701854 -0.127296
0.233211 0.0285685
-0.416841 -0.096931
0.749637 -0.329985
0.743846 0.585531
0.131798 0.217611
0.338902 0.65061
-0.772437 0.616983
0.306225 0.0786824
0.596535 -0.252912
-0.650196 -0.425057
-0.866073 -0.477194
-0.302125 -0.197339
-0.424482 0.898602
0.882923 -0.199019
0.139481 -0.892834
-0.159626 -0.0738798
-0.689771 -0.332952
0.780728 -0.620586
-0.796832 0.552929
-0.423111 -0.61988
0.86592 -0.450819
-0.226432 0.0167283
0.156794 -0.570018
-0.159747 0.676619
-0.250552 0.910268
0.810685 -0.486834
-0.373392 -0.0565141
0.0036143 -0.794112
0.537797 0.692778
0.363186 -0.130922
-0.563212 -0.11624
-0.509195 0.333804
0.185987 -0.399637
0.441661 0.0935428
0.199975 -0.812405
0.0254592 -0.099562
0.309351 -0.382066
-0.312298 0.401208
0.134083 -0.637825
0.430928 0.36346
0.448445 -0.444105
-0.497794 0.0788774
0.580717 0.0489748
-0.0588931 -0.853082
-0.0688129 -0.559076
0.140639 -0.854245
0.139595 0.180286
0.719453 -0.467793
-0.154885 0.21284
-0.68017 0.705582
0.211839 0.193547
-0.172713 0.398412
-0.24143 -0.128275
-0.673302 0.430525
0.109111 0.538394
-0.137302 -0.826812
0.322038 -0.401363
0.447025 0.875578
0.366138 0.424285
-0.603678 0.790679
-0.278229 -0.46307
-0.68639 0.599568
0.0816932 -0.0534572
0.280952 0.648068
-0.278806 0.265923
-0.983616 -0.0796753
-0.893378 0.190931
-0.322629 0.323524
0.415989 -0.250304
0.17164 0.237059
0.0832958 -0.0680131
-0.14666 -0.581961
-0.824624 -0.462431
-0.0906925 -0.2047
0.00250672 0.477652
-0.0461998 -0.578748
0.486729 0.140319
0.182308 -0.393696
0.331376 0.871262
0.329044 0.272716
0.0664643 -0.623977
0.124968 0.662598
-0.0312217 -0.449957
-0.418309 -0.613626
0.0217113 0.591329
0.149155 0.788712
-0.0326178 -0.385599
-0.428908 0.489925
0.592378 -0.293632
0.974393 -0.143873
-0.69941 -0.0738167
-0.454119 0.289571
0.78951 0.271295
0.563849 -0.648493
-0.624455 -0.0222575
0.425422 -0.145498
0.429188 -0.209981
0.406645 0.168051
0.0494167 -0.539572
-0.188619 0.880312
0.309242 -0.142642
-0.401433 0.578079
-0.413182 -0.402914
-0.480653 0.673564
0.621738 0.490248
0.446244 0.762152
-0.215638 -0.0986262
-0.178932 0.261036
-0.115881 -0.335416
-0.46259 0.534477
0.101001 -0.806447
0.287491 0.322268
-0.873623 -0.119441
-0.862522 -0.0859439
0.153908 0.634676
0.939402 -0.229456
-0.483838 0.235675
-0.328237 -0.76202
0.419177 0.839866
