0.00268737 22037.6
0.00806211 66112.9
0.0134369 35260.2
0.0188116 40927
0.0241863 35505.1
0.0295611 37063.3
0.0349358 33904
0.0403106 43340.7
0.0456853 47316.1
0.0510601 38855.8
0.0564348 56668.2
0.0618095 34493.7
0.0671843 49364.3
0.072559 38361.8
0.0779338 47114.9
0.0833085 40876.2
0.0886832 47080.4
0.094058 43760.4
0.0994327 43181.8
0.104807 40967.4
0.110182 45150.3
0.115557 43819
0.120932 41871.5
0.126306 42903
0.131681 40702.1
0.137056 42778.9
0.142431 43659.5
0.147805 41070.1
0.15318 43688.6
0.158555 44635.5
0.16393 41365.7
0.169304 47748.2
0.174679 39159.2
0.180054 42595.1
0.185429 41041.1
0.190803 43920.1
0.196178 45584.7
0.201553 37464
0.206928 41356.3
0.212302 38217.2
0.217677 41354.6
0.223052 39296
0.228427 43297.5
0.233801 39769.1
0.239176 38999.2
0.244551 41411.4
0.249926 40994.7
0.2553 39435.8
0.260675 38736.2
0.26605 38065
0.271424 37747.6
0.276799 39047.3
0.282174 41871.5
0.287549 40882.9
0.292923 42862.2
0.298298 36530.8
0.303673 40857.4
0.309048 42733.8
0.314422 39837.2
0.319797 40464
0.325172 40341.6
0.330547 38521.1
0.335921 39755.9
0.341296 39390.1
0.346671 41598.2
0.352046 35916.3
0.35742 40512.8
0.362795 38933.1
0.36817 38445.2
0.373545 39081.1
0.378919 38292.3
0.384294 40068.4
0.389669 37616
0.395044 38228.5
0.400418 38381
0.405793 38675.3
0.411168 38601.9
0.416543 38956.8
0.421917 36565.6
0.427292 36590.8
0.432667 38257.9
0.438041 40086.8
0.443416 36395.5
0.448791 38796.8
0.454166 37685.6
0.45954 38984.7
0.464915 37514.9
0.47029 36582.5
0.475665 36791.6
0.481039 36503.7
0.486414 37135.2
0.491789 36187.5
0.497164 36511
0.502538 36474
0.507913 36029.8
0.513288 39113.9
0.518663 35911.1
0.524037 36729.4
0.529412 35181.9
0.534787 34274.6
0.540162 36893.8
0.545536 33219.3
0.550911 37249
0.556286 35877.7
0.561661 33794.5
0.567035 35458.6
0.57241 34660.1
0.577785 35004
0.58316 34782.9
0.588534 36175.9
0.593909 36197.6
0.599284 34044.7
0.604659 32713.6
0.610033 35532
0.615408 33970.7
0.620783 36204.7
0.626157 33955
0.631532 33478.4
0.636907 33567.9
0.642282 35961
0.647656 31090.4
0.653031 36638.7
0.658406 34405.7
0.663781 33502.5
0.669155 32171.4
0.67453 31563.9
0.679905 33012.9
0.68528 34136.7
0.690654 33656.7
0.696029 32120.5
0.701404 35420.6
0.706779 35528.3
0.712153 32141.7
0.717528 31529.5
0.722903 30639.7
0.728278 32609.2
0.733652 31038.3
0.739027 32495.5
0.744402 31266.4
0.749777 31200.2
0.755151 32389.8
0.760526 34691.7
0.765901 31664.6
0.771276 30599.3
0.77665 31455.1
0.782025 32980.7
0.7874 31853
0.792774 32010.6
0.798149 32351.5
0.803524 30624.2
0.808899 30493.9
0.814273 31347.3
0.819648 28937.9
0.825023 30902.9
0.830398 31202.1
0.835772 29265.4
0.841147 31437.1
0.846522 29768.3
0.851897 30484.2
0.857271 31156.6
0.862646 30619.3
0.868021 29815.6
0.873396 28615
0.87877 27125.8
0.884145 27630.8
0.88952 26931.2
0.894895 26868.7
0.900269 26050.4
0.905644 25601.6
0.911019 24735.4
0.916394 22748.5
0.921768 21941.3
0.927143 21239.2
0.932518 19846.6
0.937893 19354
0.943267 19055.3
0.948642 19228.3
0.954017 16388.5
0.959391 16111.5
0.964766 15101
0.970141 13216.5
0.975516 11959.8
0.98089 11743.3
0.986265 10598.5
0.99164 9436.17
0.997015 9207.1
1.00239 7385.26
1.00776 8344.91
1.01314 6810.04
1.01851 5669.31
1.02389 5118.98
1.02926 4373
1.03464 3720.64
1.04001 2847.24
1.04539 2521.01
1.05076 1972.68
1.05614 813.093
1.06151 697.393
1.06689 360.818
1.07226 0
