9.0371337834981915
20.735908640966024
34.664232440807368
34.87815713600645
153.10047950395511
85.767245647921072
22.711544694086506
109.08597861036976
33.036864509192313
17.685036514229871
96.54788495150116
14.058376843295518
20.468700390721409
4.8318894720881218
5.0377672595291596
33.460494644763436
12.328993952342183
29.682145290827712
3.9334678810626587
4.2854021712881192
3.8554520426837664
64.901168303475586
3.6541476200270635
64.218318269703389
134.59387526691344
8.2515334024455758
21.779490344004337
11.043318836939772
10.214267921193448
4.3525268710191156
47.314191781232644
8.7436471880319484
55.347169574297432
11.531358138435055
10.668039410732101
3.9252637015992153
21.271663803124266
15.733825461357286
38.539597743476939
33.524376395993606
3.9690047485639655
48.575211900698555
8.1046063460133855
3.5522656881755283
53.584258748679105
36.205330429324697
3.7122733934871772
34.285556472076287
3.583741084317285
69.023990621307277
66.421646110031816
33.122507270555644
9.6396618112819397
17.116790447401701
6.0570607848943547
62.594845946643758
7.0866099335427153
18.30704994246323
53.00247502499456
3.8309504011002384
3.6901696795053329
3.7811294512607776
15.23799196143195
12.326161301518491
33.588282346171148
10.280388461936241
3.6235203571534855
38.6912252003807
43.059575409745534
7.5395820853104061
3.7096251851007795
4.036758634323709
9.1104991254187251
94.292039620364349
10.070956924289025
9.6882825682702833
22.133953351986037
16.048952927991177
3.8804002968704259
49.606449534413521
23.021676130468435
11.22508680530647
3.866577744137643
37.62238370371503
81.76392069017605
82.608053953586023
3.9261083745445422
24.588840591337462
56.391139527464581
21.152833342963611
4.423134921796807
117.32017529480459
3.7263867767814771
121.87571302769105
17.605246708222854
49.702593023524201
49.712420248229741
8.6883096650694451
45.120555713823308
31.183818244082175
3.5794349604081992
40.651263599563784
37.108294701772493
33.338708874055072
56.649748130071544
9.4665993013936642
25.707598722503224
31.024788453435459
27.594349922864556
48.439119185012572
9.3368775402135231
38.291183655805803
7.1655535863762774
33.993941891977983
124.35786440550133
16.60025994525736
14.077168251478266
12.64417993245298
17.36240364727141
11.518730149064435
3.989878875026668
3.9751368589205596
29.874329315448712
31.772702351902183
3.9896266652058987
3.9883318192065045
11.344418008940368
18.472189056406741
20.935636686021422
24.444629445131522
3.7969036913580707
108.28078324472524
31.292466300885469
32.995350744804135
9.709897170235875
35.949007806602467
55.712262216821571
3.9399765021050954
64.433811629637006
3.8413800035510119
50.500967723209072
9.356511881578303
4.0449404955482873
8.0900910781911755
52.446271537009828
10.502049504029493
55.977047471860921
56.832903457842875
47.012157342792918
4.4247785526798902
