#Empty integrating sphere. Lambertian reflectance. No ports for fluid.
#Length units in [mm]
#Reflectivity of interior wall: rho = 0.95
#Scattering coefficient: alpha_s = 1
#Anisotropy: g 0.9
#Refractive index interior medium: n = 1
#
#Source fiber:
# - core diameter: 2*a_s = 0.105
# - clad diameter: 2*b_s = 0.125
# - numerical aperture: NA_s = 0.22
#
#Pick-up fiber:
# - core diameter: 2*a_p = 0.105
# - clad diameter: 2*b_p = 0.125
# - numerical aperture: NA_p = 0.22
#
#Entrance radius: r_e = 2*b_p = 0.125
#Number of photons: N = 100000
#Number of averages: N_avg = 30
#Number of alpha_s-values: N_alpha_s = 50
#Delta alpha_a: d_alpha_a = 0.01
#Seed: 9800
#
#alpha_a <eps_c> <eps_e> <eps_w> <eps_i> std_eps_c std_eps_e std_eps_w std_eps_i <<path>> std<path> <std_path> <<std_path>>
0.01000 0.0027532084 0.2054613903 0.6945548810 0.0000000000 0.0001652563 0.0014289146 0.0015071774 0.0000000000 7.7895785129 0.3557969029 8.6006377525 0.5328813541
0.02000 0.0026053786 0.1866205156 0.6325599309 0.0000000000 0.0001327949 0.0010424458 0.0010159943 0.0000000000 6.8964812590 0.4087632906 7.6445353092 0.5079605419
0.03000 0.0024377116 0.1696809471 0.5811712760 0.0000000000 0.0001463732 0.0010043277 0.0012340989 0.0000000000 6.2626178021 0.2902569600 6.8150345845 0.3612366145
0.04000 0.0022899824 0.1554707682 0.5368342304 0.0000000000 0.0001197744 0.0012268725 0.0014573487 0.0000000000 5.8489256476 0.3070993504 6.3157336309 0.3695286476
0.05000 0.0021313277 0.1434689639 0.4980228071 0.0000000000 0.0001270802 0.0008873658 0.0011393608 0.0000000000 5.5873708161 0.2115939431 5.9815100914 0.2296005076
0.06000 0.0020464360 0.1332558196 0.4638159418 0.0000000000 0.0001558199 0.0008638265 0.0010555334 0.0000000000 5.1641579005 0.2606961802 5.5409875482 0.2930342929
0.07000 0.0019028187 0.1235965251 0.4347473843 0.0000000000 0.0001170487 0.0009798523 0.0013937894 0.0000000000 4.8439135833 0.2003343014 5.0651226713 0.2320145338
0.08000 0.0018098659 0.1150879011 0.4081568959 0.0000000000 0.0001147885 0.0007041772 0.0009590695 0.0000000000 4.6604127119 0.2559115070 4.8321659125 0.2770695582
0.09000 0.0017707745 0.1080538218 0.3840772364 0.0000000001 0.0001000107 0.0009466023 0.0011068308 0.0000000001 4.4308937036 0.2196940853 4.4519430005 0.1859312549
0.10000 0.0016987170 0.1012411166 0.3629330781 0.0000000003 0.0001181672 0.0007692900 0.0011133242 0.0000000002 4.1501009059 0.1571801276 4.1456605592 0.1745880377
0.11000 0.0015912755 0.0951708048 0.3438781434 0.0000000006 0.0001131628 0.0006212674 0.0009359024 0.0000000002 4.0964331509 0.1933029568 4.0295904429 0.1489574713
0.12000 0.0015547093 0.0898424610 0.3263570401 0.0000000015 0.0001013474 0.0007438689 0.0009571136 0.0000000003 3.9877340541 0.1695853748 3.8033047161 0.1678874001
0.13000 0.0014832881 0.0847486197 0.3102728428 0.0000000028 0.0000924079 0.0006122647 0.0009056798 0.0000000006 3.7778474460 0.1252492626 3.5621251616 0.1347509717
0.14000 0.0014570998 0.0801405972 0.2952232496 0.0000000057 0.0000975276 0.0005950939 0.0010043981 0.0000000006 3.6572512170 0.1332784770 3.3996067736 0.1565352698
0.15000 0.0014180864 0.0760322874 0.2820797954 0.0000000087 0.0000857912 0.0005561173 0.0011677407 0.0000000008 3.5488440172 0.1377209805 3.2373494827 0.1153886405
0.16000 0.0013352132 0.0721717572 0.2700178637 0.0000000142 0.0000887695 0.0007000248 0.0009946064 0.0000000008 3.4583402950 0.1303656732 3.0657773270 0.1331527727
0.17000 0.0012888551 0.0686514187 0.2579844051 0.0000000205 0.0000957251 0.0005765215 0.0008573696 0.0000000013 3.3615367835 0.1114999223 2.9272717183 0.1548826904
0.18000 0.0012518771 0.0653662784 0.2473957492 0.0000000304 0.0000871769 0.0004824018 0.0008514163 0.0000000023 3.3112233068 0.1261790853 2.7984758269 0.1475906294
0.19000 0.0011917779 0.0622672573 0.2375318938 0.0000000376 0.0000782848 0.0004533509 0.0010901203 0.0000000020 3.2574922152 0.1007133592 2.7245149660 0.1221260529
0.20000 0.0011732619 0.0594925769 0.2282622095 0.0000000506 0.0000813982 0.0004200879 0.0008438353 0.0000000017 3.1596410173 0.1202594687 2.6131061610 0.1250803504
0.21000 0.0011290189 0.0566432198 0.2198489097 0.0000000700 0.0000914482 0.0004575340 0.0010107287 0.0000000029 3.1001781920 0.1426357054 2.5042763051 0.1628793332
0.22000 0.0010930325 0.0542678166 0.2116532305 0.0000001007 0.0000764342 0.0005169652 0.0009750580 0.0000000032 3.0062335222 0.1435345519 2.3894431620 0.1669939805
0.23000 0.0010732365 0.0520807085 0.2040363758 0.0000001147 0.0000810033 0.0006079240 0.0008182423 0.0000000030 2.9753409871 0.1149612438 2.3172899008 0.1314163154
0.24000 0.0010151477 0.0498591923 0.1969808882 0.0000001356 0.0000840052 0.0004598171 0.0010188822 0.0000000040 2.9269041823 0.1191213645 2.2268020805 0.1130337177
0.25000 0.0010211782 0.0478392952 0.1899725690 0.0000001677 0.0000820166 0.0004014899 0.0009901560 0.0000000051 2.8745778238 0.0918939586 2.1257810951 0.1197400362
0.26000 0.0009627999 0.0458571846 0.1836640520 0.0000002105 0.0000793981 0.0003641714 0.0008054186 0.0000000046 2.8036043416 0.0781957371 2.0451905455 0.1096055571
0.27000 0.0009428805 0.0441681782 0.1773376379 0.0000002024 0.0000810783 0.0005235221 0.0006475761 0.0000000041 2.7756369739 0.0937586756 1.9634897687 0.1187146044
0.28000 0.0009111419 0.0423475607 0.1720675350 0.0000002694 0.0000698954 0.0004498255 0.0005782843 0.0000000044 2.7519961507 0.0958576303 1.9157343504 0.1172785049
0.29000 0.0009056225 0.0408165771 0.1669346494 0.0000002659 0.0000669485 0.0003562221 0.0008172655 0.0000000044 2.6856620044 0.0676270067 1.8292534200 0.0936166419
0.30000 0.0009037444 0.0393589792 0.1615046618 0.0000003732 0.0000805023 0.0003216432 0.0008307788 0.0000000053 2.6584487136 0.0811870617 1.7648242940 0.0911124489
0.31000 0.0008513918 0.0378650608 0.1567017681 0.0000003847 0.0000575738 0.0004575094 0.0006534698 0.0000000053 2.6509249648 0.0943782067 1.7325120830 0.1282639637
0.32000 0.0008203686 0.0365340234 0.1518955160 0.0000004096 0.0000747500 0.0004124998 0.0009306212 0.0000000064 2.5987414424 0.0761870840 1.6726742963 0.0992002653
0.33000 0.0008211367 0.0351228884 0.1474728111 0.0000004348 0.0000724099 0.0003584736 0.0007337624 0.0000000050 2.5856857730 0.0915985150 1.6351494283 0.1014312899
0.34000 0.0008006650 0.0339634100 0.1434469892 0.0000004677 0.0000584323 0.0003378045 0.0008605861 0.0000000059 2.5524302523 0.0588808131 1.5640138197 0.0715895761
0.35000 0.0007833744 0.0328658670 0.1392944056 0.0000005146 0.0000799483 0.0003743951 0.0007561494 0.0000000064 2.5340690559 0.0722316343 1.5509942185 0.1183924206
0.36000 0.0007590427 0.0316832487 0.1353435318 0.0000005850 0.0000709319 0.0003910057 0.0006413360 0.0000000066 2.5004979217 0.0783161633 1.4775283656 0.0883372918
0.37000 0.0007232030 0.0306186376 0.1319735067 0.0000006622 0.0000600984 0.0003383434 0.0008463280 0.0000000074 2.4995500284 0.0800255985 1.4690531875 0.1243738728
0.38000 0.0006954443 0.0296065016 0.1279989509 0.0000007602 0.0000516071 0.0003169576 0.0006775695 0.0000000083 2.4806401106 0.0802788896 1.4201942004 0.0904008882
0.39000 0.0007164353 0.0287325424 0.1250222820 0.0000008848 0.0000591057 0.0003811258 0.0008093220 0.0000000097 2.4439750005 0.0721398023 1.3698079254 0.0840169783
0.40000 0.0006935765 0.0277291235 0.1217404277 0.0000007006 0.0000650523 0.0003646777 0.0006050121 0.0000000051 2.4302125278 0.0616151273 1.3397155287 0.0821508407
0.41000 0.0006519200 0.0268709424 0.1185883784 0.0000008367 0.0000562004 0.0002860753 0.0007145862 0.0000000081 2.4176027934 0.0583024797 1.3068096979 0.0646790518
0.42000 0.0006573448 0.0258904390 0.1156470373 0.0000010132 0.0000638916 0.0003237110 0.0007532875 0.0000000093 2.3969034909 0.0820722450 1.2516914413 0.1264781054
0.43000 0.0006330153 0.0252000835 0.1126952486 0.0000008344 0.0000643605 0.0002681895 0.0005644608 0.0000000067 2.3985950086 0.0682529953 1.2809235868 0.0918685308
0.44000 0.0006092363 0.0244618294 0.1100833107 0.0000010341 0.0000698599 0.0002937801 0.0007616705 0.0000000083 2.3569335076 0.0637120270 1.1977509937 0.0797632024
0.45000 0.0006009768 0.0237228654 0.1074147094 0.0000012672 0.0000632257 0.0002683667 0.0006931687 0.0000000090 2.3638357202 0.0623139213 1.1881413969 0.0623069169
0.46000 0.0006080900 0.0229703547 0.1048230755 0.0000010634 0.0000636398 0.0003233909 0.0007025980 0.0000000081 2.3220236347 0.0750212827 1.1235823740 0.1050418399
0.47000 0.0005747458 0.0223198119 0.1023594368 0.0000013632 0.0000478914 0.0002863596 0.0006887691 0.0000000110 2.3299650761 0.0621499151 1.1276871383 0.0841209757
0.48000 0.0005558251 0.0216230666 0.0997746833 0.0000011266 0.0000548120 0.0002613280 0.0004889718 0.0000000068 2.3284953994 0.0683479903 1.1205889869 0.1029368681
0.49000 0.0005332790 0.0210542143 0.0975137020 0.0000014781 0.0000466152 0.0002926739 0.0006983067 0.0000000106 2.2990727255 0.0637082094 1.0565884744 0.0999224796
0.50000 0.0005421329 0.0204553828 0.0953059699 0.0000012327 0.0000549598 0.0002853980 0.0007026552 0.0000000080 2.2924060425 0.0678740698 1.0445069741 0.0851238717
