#Empty integrating sphere. Lambertian reflectance. No ports for fluid.
#Length units in [mm]
#Reflectivity of interior wall: rho = 0.95
#Scattering coefficient: alpha_s = 1e-06
#Anisotropy: g 0.9
#Refractive index interior medium: n = 1
#
#Source fiber:
# - core diameter: 2*a_s = 0.105
# - clad diameter: 2*b_s = 0.125
# - numerical aperture: NA_s = 0.22
#
#Pick-up fiber:
# - core diameter: 2*a_p = 0.105
# - clad diameter: 2*b_p = 0.125
# - numerical aperture: NA_p = 0.22
#
#Entrance radius: r_e = 2*b_p = 0.125
#Number of photons: N = 100000
#Number of averages: N_avg = 30
#Number of alpha_s-values: N_alpha_s = 50
#Delta alpha_a: d_alpha_a = 0.01
#Seed: 9800
#
#alpha_a <eps_c> <eps_e> <eps_w> <eps_i> std_eps_c std_eps_e std_eps_w std_eps_i <<path>> std<path> <std_path> <<std_path>>
0.01000 0.0032533538 0.2045048010 0.6947963724 0.0000000001 0.0001799102 0.0013007098 0.0013271967 0.0000000000 6.6059382989 0.4438623191 7.9609372720 0.7316892106
0.02000 0.0030510178 0.1851461301 0.6332659693 0.0000000001 0.0001580572 0.0012543675 0.0016231652 0.0000000000 6.0116822374 0.3567347280 7.2074521990 0.7704130668
0.03000 0.0029370151 0.1688415252 0.5810604714 0.0000000001 0.0001967874 0.0010763517 0.0014003027 0.0000000000 5.5476362421 0.3344383382 6.4872560517 0.5255066267
0.04000 0.0027243470 0.1546463171 0.5369781264 0.0000000000 0.0001454760 0.0009924817 0.0012882733 0.0000000000 5.1434148880 0.3267630418 5.9060169940 0.6559290610
0.05000 0.0026560126 0.1426081439 0.4978589345 0.0000000000 0.0001658541 0.0010983214 0.0015246666 0.0000000000 4.8098656194 0.3543585286 5.4669076030 0.5744133131
0.06000 0.0025116778 0.1318686652 0.4643978334 0.0000000000 0.0001156120 0.0012806121 0.0016361096 0.0000000000 4.5978492843 0.3598819232 5.0724875577 0.6689227556
0.07000 0.0024456764 0.1221908883 0.4348197988 0.0000000000 0.0001786859 0.0007601469 0.0015021037 0.0000000000 4.3266586009 0.3652705366 4.6560195904 0.6726440986
0.08000 0.0023276755 0.1139407879 0.4081658372 0.0000000000 0.0001687819 0.0009076829 0.0013187774 0.0000000000 4.1754005834 0.3351430860 4.4124140168 0.6428840968
0.09000 0.0022543414 0.1063943756 0.3843895808 0.0000000000 0.0001642891 0.0010094064 0.0015943271 0.0000000000 3.9127432658 0.3039137035 4.0514466547 0.5652236739
0.10000 0.0021063405 0.0999376346 0.3630460182 0.0000048155 0.0001079422 0.0008969361 0.0014517230 0.0000000118 3.7642509571 0.2751779420 3.8123078646 0.5270050955
0.11000 0.0020833398 0.0937882468 0.3435711802 0.0000045856 0.0001195787 0.0009878264 0.0014473477 0.0000000168 3.6965175078 0.2644764415 3.7658756717 0.5849737096
0.12000 0.0019510064 0.0883195312 0.3259053333 0.0000043783 0.0001605876 0.0008677937 0.0014205509 0.0000000159 3.5300753651 0.2232586953 3.4546269692 0.4281760552
0.13000 0.0019193396 0.0832608101 0.3098768787 0.0000041874 0.0001609868 0.0009515059 0.0014930832 0.0000000112 3.3820339600 0.2478205681 3.1505938444 0.4425267108
0.14000 0.0018816732 0.0789124408 0.2948987305 0.0000040155 0.0001198877 0.0007320550 0.0017194953 0.0000000115 3.3287500597 0.2608746634 3.1363415948 0.4970406093
0.15000 0.0018096722 0.0748610732 0.2819182884 0.0000038488 0.0001401589 0.0007249582 0.0017045960 0.0000000113 3.2155992880 0.2022989532 2.9526377407 0.4605354509
0.16000 0.0017523383 0.0704280377 0.2695061937 0.0000037035 0.0001338730 0.0006374799 0.0018091406 0.0000000098 3.0881758711 0.1567979736 2.6087706389 0.3360882688
0.17000 0.0016630047 0.0670823426 0.2577694397 0.0000035657 0.0001368653 0.0008433242 0.0012028372 0.0000000092 3.1362599195 0.2426473844 2.7968033282 0.5120717352
0.18000 0.0016276707 0.0637776543 0.2473787094 0.0000034346 0.0001358668 0.0007449808 0.0014543421 0.0000000084 2.9556007945 0.2494138361 2.5453676078 0.4644548363
0.19000 0.0015786704 0.0609326296 0.2372892964 0.0000033159 0.0001067299 0.0005653116 0.0016622088 0.0000000085 2.9099720431 0.1802738686 2.3997323476 0.3836720244
0.20000 0.0015183372 0.0580266081 0.2281842272 0.0000032062 0.0001134133 0.0006857110 0.0013004207 0.0000000095 2.8457730943 0.1737847533 2.2601597836 0.3383378758
0.21000 0.0014256702 0.0552825921 0.2194168350 0.0000031019 0.0001165802 0.0007196013 0.0010611724 0.0000000060 2.8516904280 0.2065915337 2.2185238570 0.4744171253
0.22000 0.0014756700 0.0525615730 0.2110957926 0.0000030067 0.0000985297 0.0006618947 0.0013815094 0.0000000075 2.7479222733 0.1621064400 2.0602595132 0.3929338375
0.23000 0.0014133370 0.0504948940 0.2035037390 0.0000029131 0.0001444449 0.0006319590 0.0013741446 0.0000000061 2.7087774186 0.1528407327 1.9452935103 0.3754576629
0.24000 0.0013783367 0.0485198796 0.1961366947 0.0000028280 0.0001255080 0.0005816751 0.0016250542 0.0000000056 2.6553450341 0.1379798743 1.8651376876 0.3002232832
0.25000 0.0013873366 0.0462131981 0.1897306567 0.0000027454 0.0001470621 0.0006121546 0.0012133655 0.0000000046 2.6337905051 0.1699596333 1.8968773170 0.4409949643
0.26000 0.0013276697 0.0443998588 0.1832212919 0.0000026682 0.0001047389 0.0005463511 0.0012104592 0.0000000054 2.6089132405 0.1375685194 1.7498644129 0.3008025350
0.27000 0.0012666696 0.0426555103 0.1770299215 0.0000025971 0.0000881350 0.0005718251 0.0012603168 0.0000000047 2.6077514199 0.1474719475 1.7252887010 0.3439484396
0.28000 0.0012396697 0.0408221673 0.1713818912 0.0000025279 0.0001225441 0.0004878289 0.0009298412 0.0000000044 2.5404479641 0.1596104469 1.6300479804 0.3814227222
0.29000 0.0012230026 0.0392214917 0.1657411949 0.0000024637 0.0001235997 0.0006102406 0.0008629630 0.0000000047 2.5052918446 0.1538230482 1.6133475067 0.3987033110
0.30000 0.0011676696 0.0376878158 0.1613444995 0.0000024002 0.0001387300 0.0006531866 0.0012407571 0.0000000046 2.4881733550 0.1484441401 1.5011651466 0.3778162247
0.31000 0.0011566693 0.0362394760 0.1561638092 0.0000023419 0.0001129639 0.0005570664 0.0010514073 0.0000000037 2.4286734583 0.1164979910 1.4057014597 0.3071616277
0.32000 0.0011163355 0.0350471348 0.1514831179 0.0000022855 0.0000875520 0.0005560674 0.0010263012 0.0000000039 2.4433911153 0.1194922815 1.4586845987 0.3714753235
0.33000 0.0011090023 0.0336637932 0.1469684314 0.0000022319 0.0000882534 0.0005914284 0.0009407425 0.0000000042 2.4540113634 0.1378568027 1.3976761525 0.2869755851
0.34000 0.0010633356 0.0323667871 0.1428867467 0.0000021805 0.0001192888 0.0005102634 0.0010968133 0.0000000045 2.3595213054 0.1054435661 1.2564378083 0.2673751747
0.35000 0.0010503356 0.0313171166 0.1393470600 0.0000021295 0.0000975381 0.0004347571 0.0010448535 0.0000000036 2.4239638173 0.1232141019 1.4100876936 0.2881882628
0.36000 0.0010153351 0.0301597776 0.1349000451 0.0000020851 0.0001061466 0.0005647074 0.0014640164 0.0000000050 2.3653901947 0.1271544609 1.2338032601 0.3167289508
0.37000 0.0009940020 0.0291087738 0.1316686955 0.0000020385 0.0001043073 0.0005202303 0.0010642558 0.0000000041 2.3439809473 0.1269334963 1.2376564817 0.3349054708
0.38000 0.0009656685 0.0280861012 0.1278540138 0.0000019967 0.0000871655 0.0004329818 0.0010440567 0.0000000039 2.3253280578 0.0927009403 1.1365096460 0.2525915453
0.39000 0.0009596686 0.0270347629 0.1242029955 0.0000019571 0.0000654153 0.0005030159 0.0008731339 0.0000000026 2.3168955503 0.0974952777 1.1260905204 0.2546534717
0.40000 0.0008976686 0.0261270918 0.1212749857 0.0000019159 0.0001032132 0.0003970505 0.0009760523 0.0000000032 2.2975385134 0.1319644181 1.0740958308 0.3272904064
0.41000 0.0009026686 0.0252400867 0.1179903051 0.0000018791 0.0000956983 0.0004698045 0.0008374628 0.0000000028 2.3210746933 0.1199239677 1.1871234051 0.3816601804
0.42000 0.0008600018 0.0245170842 0.1152399604 0.0000018420 0.0000996890 0.0004614745 0.0009906639 0.0000000032 2.2631035873 0.1230719789 1.0054714952 0.2749877095
0.43000 0.0008610016 0.0235174143 0.1122179534 0.0000018063 0.0000731720 0.0003861300 0.0009153493 0.0000000028 2.3053744408 0.1521835898 1.1351809955 0.4108720034
0.44000 0.0008433349 0.0228870782 0.1094302718 0.0000017731 0.0000947350 0.0005340298 0.0009459054 0.0000000034 2.2525866118 0.0909783217 1.0115036824 0.2890195463
0.45000 0.0007993350 0.0219887397 0.1068005935 0.0000017409 0.0000789122 0.0004619417 0.0008964698 0.0000000026 2.2774200120 0.1323068576 0.9949465124 0.2979738904
0.46000 0.0007930014 0.0212884048 0.1044282502 0.0000017094 0.0000857080 0.0004929364 0.0009223277 0.0000000031 2.2466768406 0.1375329292 0.9990321517 0.4637984737
0.47000 0.0007843348 0.0206214013 0.1016345757 0.0000016797 0.0000757802 0.0005167907 0.0009442491 0.0000000027 2.2321973035 0.1053956541 0.9195493772 0.2821470811
0.48000 0.0007730018 0.0201083979 0.0994759020 0.0000016492 0.0000907877 0.0004023040 0.0008712481 0.0000000030 2.2133313536 0.1129254639 0.8651940785 0.3073405521
0.49000 0.0007563347 0.0193810620 0.0971742254 0.0000016207 0.0000859625 0.0003686354 0.0010089704 0.0000000022 2.2246868609 0.0885169364 0.9474055946 0.2722340764
0.50000 0.0007430014 0.0188603949 0.0949118856 0.0000015942 0.0000763002 0.0004479489 0.0008695858 0.0000000026 2.2048839469 0.0927748933 0.8624197525 0.2451967901
