#Empty integrating sphere. Lambertian reflectance. No ports for fluid.
#Length units in [mm]
#Reflectivity of interior wall: rho = 0.9
#Radius of sphere: R = 0.5
#Refractive index interior medium: n = 1
#
#Source fiber:
# - core diameter: 2*a_s = 0.105
# - clad diameter: 2*b_s = 0.125
# - numerical aperture: NA_s = 0.22
#
#Pick-up fiber:
# - core diameter: 2*a_p = 0.105
# - clad diameter: 2*b_p = 0.125
# - numerical aperture: NA_p = 0.5
#
#Entrance radius: r_e = 2*b_p = 0.125
#Number of photons: N = 1000000
#Number of averages: N_avg = 100
#Number of alpha-values: N_R = 100
#Delta alpha: d_alpha = 0.01
#Seed: 7010
#
#alpha T A L_eff
0.01000 0.9475593110 0.0538657466 5.3865746642
0.02000 0.8962861051 0.1094956033 5.4747801649
0.03000 0.8522870087 0.1598319442 5.3277314720
0.04000 0.8121975603 0.2080116675 5.2002916880
0.05000 0.7747731660 0.2551849815 5.1036996296
0.06000 0.7381428767 0.3036178733 5.0602978884
0.07000 0.7056927991 0.3485752650 4.9796466424
0.08000 0.6771239602 0.3899009206 4.8737615079
0.09000 0.6489339107 0.4324243999 4.8047155550
0.10000 0.6236402475 0.4721816034 4.7218160338
0.11000 0.5993341423 0.5119360028 4.6539636619
0.12000 0.5761454660 0.5513951051 4.5949592092
0.13000 0.5537197797 0.5910965330 4.5468964077
0.14000 0.5340592562 0.6272484795 4.4803462823
0.15000 0.5154038775 0.6628044576 4.4186963840
0.16000 0.4986045668 0.6959419486 4.3496371787
0.17000 0.4814738155 0.7309034303 4.2994319430
0.18000 0.4667564939 0.7619475837 4.2330421317
0.19000 0.4482512781 0.8024013152 4.2231648171
0.20000 0.4356998202 0.8308017585 4.1540087925
0.21000 0.4209162104 0.8653214902 4.1205785249
0.22000 0.4093090205 0.8932848570 4.0603857135
0.23000 0.3964396501 0.9252314562 4.0227454616
0.24000 0.3840857038 0.9568895643 3.9870398512
0.25000 0.3721700710 0.9884043490 3.9536173959
0.26000 0.3613448107 1.0179226224 3.9150870091
0.27000 0.3494927604 1.0512724317 3.8936015990
0.28000 0.3396739976 1.0797689519 3.8563176855
0.29000 0.3316003718 1.1038247346 3.8062921884
0.30000 0.3223524987 1.1321096157 3.7736987189
0.31000 0.3132101456 1.1608809220 3.7447771678
0.32000 0.3035564268 1.1921877656 3.7255867675
0.33000 0.2952988175 1.2197674946 3.6962651353
0.34000 0.2876580939 1.2459826782 3.6646549360
0.35000 0.2798482678 1.2735077235 3.6385934956
0.36000 0.2724645798 1.3002466557 3.6117962658
0.37000 0.2647494511 1.3289713678 3.5918145076
0.38000 0.2585562441 1.3526420298 3.5595842890
0.39000 0.2522696927 1.3772565548 3.5314270636
0.40000 0.2444206348 1.4088646247 3.5221615618
0.41000 0.2385764553 1.4330654529 3.4952815924
0.42000 0.2328093864 1.4575352443 3.4703220103
0.43000 0.2270734324 1.4824818231 3.4476321468
0.44000 0.2216391571 1.5067046381 3.4243287229
0.45000 0.2153674866 1.5354094699 3.4120210442
0.46000 0.2098114576 1.5615459727 3.3946651579
0.47000 0.2051266442 1.5841277141 3.3704844981
0.48000 0.1998912333 1.6099818937 3.3541289453
0.49000 0.1951320149 1.6340789501 3.3348550002
0.50000 0.1906636526 1.6572443845 3.3144887690
0.51000 0.1853281331 1.6856273326 3.3051516326
0.52000 0.1813535499 1.7073068388 3.2832823823
0.53000 0.1770150582 1.7315204753 3.2670197647
0.54000 0.1717674720 1.7616136238 3.2622474515
0.55000 0.1681581500 1.7828503734 3.2415461334
0.56000 0.1651183649 1.8010926991 3.2162369626
0.57000 0.1609868547 1.8264325654 3.2042676587
0.58000 0.1578469610 1.8461293169 3.1829815808
0.59000 0.1535098221 1.8739907261 3.1762554679
0.60000 0.1496380532 1.8995358796 3.1658931326
0.61000 0.1460841968 1.9235721333 3.1533969398
0.62000 0.1433041530 1.9427859633 3.1335257472
0.63000 0.1395784885 1.9691281940 3.1256003080
0.64000 0.1357960057 1.9966014777 3.1196898088
0.65000 0.1326831684 2.0197911855 3.1073710546
0.66000 0.1309299145 2.0330931029 3.0804440952
0.67000 0.1264466712 2.0679346314 3.0864695990
0.68000 0.1246636553 2.0821359259 3.0619645970
0.69000 0.1210786840 2.1113146635 3.0598763239
0.70000 0.1197163950 2.1226297088 3.0323281554
0.71000 0.1164831567 2.1500085939 3.0281811182
0.72000 0.1133162066 2.1775730793 3.0244070546
0.73000 0.1116481804 2.1924025983 3.0032912305
0.74000 0.1089263079 2.2170837000 2.9960590540
0.75000 0.1058594664 2.2456428530 2.9941904706
0.76000 0.1046419290 2.2572109567 2.9700144167
0.77000 0.1012707032 2.2899581178 2.9739715815
0.78000 0.0989857913 2.3127789610 2.9651012320
0.79000 0.0969525039 2.3335340713 2.9538405965
0.80000 0.0943767358 2.3604606786 2.9505758483
0.81000 0.0932998916 2.3719363326 2.9283164599
0.82000 0.0909392219 2.3975638870 2.9238583987
0.83000 0.0887855335 2.4215315534 2.9175078957
0.84000 0.0869700499 2.4421914732 2.9073708015
0.85000 0.0849989921 2.4651158796 2.9001363290
0.86000 0.0831199261 2.4874708215 2.8924079320
0.87000 0.0809175362 2.5143247146 2.8900284076
0.88000 0.0796053014 2.5306745875 2.8757665767
0.89000 0.0780590289 2.5502899575 2.8654943343
0.90000 0.0764599965 2.5709875971 2.8566528856
0.91000 0.0748853147 2.5917974726 2.8481290907
0.92000 0.0728155011 2.6198264186 2.8476374116
0.93000 0.0716006694 2.6366508562 2.8351084476
0.94000 0.0699867559 2.6594492563 2.8292013365
0.95000 0.0684553644 2.6815733607 2.8227088007
0.96000 0.0674448084 2.6964456696 2.8087975725
0.97000 0.0651950698 2.7303714297 2.8148159069
0.98000 0.0641046974 2.7472376355 2.8033037096
0.99000 0.0633038283 2.7598094723 2.7876863357
1.00000 0.0614924032 2.7888416363 2.7888416363
