#Empty integrating sphere. Lambertian reflectance. No ports for fluid.
#Length units in [mm]
#Reflectivity of interior wall: rho = 0.9
#Radius of sphere: R = 0.5
#Refractive index interior medium: n = 1
#
#Source fiber:
# - core diameter: 2*a_s = 0.105
# - clad diameter: 2*b_s = 0.125
# - numerical aperture: NA_s = 0.22
#
#Pick-up fiber:
# - core diameter: 2*a_p = 0.105
# - clad diameter: 2*b_p = 0.125
# - numerical aperture: NA_p = 0.22
#
#Entrance radius: r_e = 2*b_p = 0.125
#Number of photons: N = 1000000
#Number of averages: N_avg = 100
#Number of alpha-values: N_R = 100
#Delta alpha: d_alpha = 0.01
#Seed: 7000
#
#alpha T A L_eff
0.01000 0.9607275571 0.0400644096 4.0064409630
0.02000 0.9224344571 0.0807389548 4.0369477415
0.03000 0.8914271949 0.1149315108 3.8310503607
0.04000 0.8579715754 0.1531843090 3.8296077248
0.05000 0.8329864827 0.1827378642 3.6547572840
0.06000 0.8035114184 0.2187638830 3.6460647174
0.07000 0.7763188551 0.2531919474 3.6170278204
0.08000 0.7524236764 0.2844557142 3.5556964276
0.09000 0.7290813526 0.3159699584 3.5107773157
0.10000 0.7100118074 0.3424736789 3.4247367894
0.11000 0.6902038060 0.3707683540 3.3706213998
0.12000 0.6664073514 0.4058541567 3.3821179724
0.13000 0.6487673310 0.4326811304 3.3283163876
0.14000 0.6313524016 0.4598910913 3.2849363661
0.15000 0.6129976188 0.4893942276 3.2626281840
0.16000 0.5997725397 0.5112047961 3.1950299759
0.17000 0.5821799069 0.5409757607 3.1822103568
0.18000 0.5678530670 0.5658925787 3.1438476592
0.19000 0.5531155348 0.5921883755 3.1167809239
0.20000 0.5420742326 0.6123523264 3.0617616319
0.21000 0.5246119156 0.6450964981 3.0718880863
0.22000 0.5103719529 0.6726154997 3.0573431805
0.23000 0.5000572600 0.6930326672 3.0131855094
0.24000 0.4869743436 0.7195438399 2.9980993328
0.25000 0.4756763587 0.7430175746 2.9720702985
0.26000 0.4643941698 0.7670215836 2.9500830139
0.27000 0.4519075469 0.7942776624 2.9417691200
0.28000 0.4419245669 0.8166160746 2.9164859807
0.29000 0.4329011851 0.8372457870 2.8870544379
0.30000 0.4228826644 0.8606605274 2.8688684248
0.31000 0.4124613495 0.8856127757 2.8568154056
0.32000 0.4021387587 0.9109580791 2.8467439971
0.33000 0.3922505538 0.9358544754 2.8359226528
0.34000 0.3846093093 0.9555272410 2.8103742383
0.35000 0.3744407280 0.9823217582 2.8066335947
0.36000 0.3670877578 1.0021543374 2.7837620483
0.37000 0.3595847270 1.0228054495 2.7643390527
0.38000 0.3505771410 1.0481745082 2.7583539689
0.39000 0.3420631755 1.0727598352 2.7506662442
0.40000 0.3355039470 1.0921215581 2.7303038954
0.41000 0.3283602718 1.1136438836 2.7162045942
0.42000 0.3221880417 1.1326199233 2.6967141031
0.43000 0.3148745612 1.1555809380 2.6873975302
0.44000 0.3078967425 1.1779908038 2.6772518269
0.45000 0.3004529461 1.2024641225 2.6721424945
0.46000 0.2945176538 1.2224163326 2.6574268099
0.47000 0.2883691175 1.2435139614 2.6457743859
0.48000 0.2820349799 1.2657241735 2.6369253614
0.49000 0.2748439172 1.2915519162 2.6358202372
0.50000 0.2717874194 1.3027350646 2.6054701292
0.51000 0.2648569883 1.3285652655 2.6050299324
0.52000 0.2573500085 1.3573182199 2.6102273459
0.53000 0.2529350672 1.3746224746 2.5936273106
0.54000 0.2472169679 1.3974889154 2.5879424358
0.55000 0.2433272388 1.4133480800 2.5697237818
0.56000 0.2376486291 1.4369620444 2.5660036508
0.57000 0.2322385490 1.4599902072 2.5613863284
0.58000 0.2281118820 1.4779190597 2.5481363098
0.59000 0.2229308418 1.5008936821 2.5438875967
0.60000 0.2194597028 1.5165866496 2.5276444161
0.61000 0.2140772654 1.5414182758 2.5269152062
0.62000 0.2093898456 1.5635574744 2.5218668942
0.63000 0.2045207735 1.5870857266 2.5191836931
0.64000 0.1989290411 1.6148070954 2.5231360865
0.65000 0.1973139150 1.6229593415 2.4968605254
0.66000 0.1910469097 1.6552362804 2.5079337581
0.67000 0.1876350052 1.6732566650 2.4973980074
0.68000 0.1846337929 1.6893809137 2.4843836967
0.69000 0.1810441850 1.7090141617 2.4768321185
0.70000 0.1773598019 1.7295748305 2.4708211864
0.71000 0.1735095624 1.7515225663 2.4669331920
0.72000 0.1704728094 1.7691794706 2.4571937091
0.73000 0.1687234185 1.7794944814 2.4376636732
0.74000 0.1614928662 1.8232943094 2.4639112290
0.75000 0.1596644961 1.8346805650 2.4462407533
0.76000 0.1559801130 1.8580267605 2.4447720533
0.77000 0.1531092165 1.8766037790 2.4371477649
0.78000 0.1493458542 1.9014904938 2.4378083254
0.79000 0.1469488333 1.9176708257 2.4274314250
0.80000 0.1439002334 1.9386350432 2.4232938041
0.81000 0.1403027275 1.9639528512 2.4246331497
0.82000 0.1376490240 1.9830481378 2.4183513875
0.83000 0.1352756969 2.0004403838 2.4101691371
0.84000 0.1310187141 2.0324151100 2.4195417976
0.85000 0.1307106950 2.0347688333 2.3938456862
0.86000 0.1279780122 2.0558968097 2.3905776857
0.87000 0.1242422926 2.0855216472 2.3971513187
0.88000 0.1218689655 2.1048088648 2.3918282555
0.89000 0.1196733417 2.1229894002 2.3853813486
0.90000 0.1181095521 2.1361426772 2.3734918635
0.91000 0.1131259601 2.1792533900 2.3947839451
0.92000 0.1119531179 2.1896750855 2.3800816146
0.93000 0.1114555485 2.1941294358 2.3592789632
0.94000 0.1082726838 2.2231023836 2.3650025358
0.95000 0.1060652132 2.2437011553 2.3617906898
0.96000 0.1028665527 2.2743227359 2.3690861832
0.97000 0.1008999688 2.2936256608 2.3645625369
0.98000 0.1005287662 2.2973113613 2.3441952667
0.99000 0.0969549542 2.3335087983 2.3570795943
1.00000 0.0955925617 2.3476602681 2.3476602681
