#Empty integrating sphere. Lambertian reflectance. No ports for fluid.
#Length units in [mm]
#Reflectivity of interior wall: rho = 0.99
#Radius of sphere: R = 0.5
#Refractive index interior medium: n = 1
#
#Source fiber:
# - core diameter: 2*a_s = 0.105
# - clad diameter: 2*b_s = 0.125
# - numerical aperture: NA_s = 0.22
#
#Pick-up fiber:
# - core diameter: 2*a_p = 0.105
# - clad diameter: 2*b_p = 0.125
# - numerical aperture: NA_p = 0.5
#
#Entrance radius: r_e = 2*b_p = 0.125
#Number of photons: N = 1000000
#Number of averages: N_avg = 100
#Number of alpha-values: N_R = 100
#Delta alpha: d_alpha = 0.01
#Seed: 7012
#
#alpha T A L_eff
0.01000 0.7978713030 0.2258079690 22.5807968962
0.02000 0.6643522164 0.4089428238 20.4471411896
0.03000 0.5697569000 0.5625455003 18.7515166774
0.04000 0.4974936743 0.6981724374 17.4543109353
0.05000 0.4424299729 0.8154730803 16.3094616057
0.06000 0.3981358740 0.9209619401 15.3493656680
0.07000 0.3618481649 1.0165305890 14.5218655573
0.08000 0.3310127954 1.1055982475 13.8199780942
0.09000 0.3054209480 1.1860642966 13.1784921849
0.10000 0.2830595677 1.2620979167 12.6209791675
0.11000 0.2633866254 1.3341322677 12.1284751605
0.12000 0.2472318773 1.3974286084 11.6452384036
0.13000 0.2313738152 1.4637206288 11.2593894525
0.14000 0.2189343628 1.5189833075 10.8498807678
0.15000 0.2065638270 1.5771458249 10.5143054994
0.16000 0.1954193181 1.6326076799 10.2037979995
0.17000 0.1856507298 1.6838881673 9.9052245133
0.18000 0.1766140362 1.7337885139 9.6321584105
0.19000 0.1684746371 1.7809700620 9.3735266422
0.20000 0.1610626531 1.8259618397 9.1298091986
0.21000 0.1538846411 1.8715520408 8.9121525753
0.22000 0.1470105515 1.9172509160 8.7147768909
0.23000 0.1410447831 1.9586778287 8.5159905594
0.24000 0.1351093380 2.0016709175 8.3402954896
0.25000 0.1304839981 2.0365046799 8.1460187194
0.26000 0.1254434355 2.0759003354 7.9842320593
0.27000 0.1207753673 2.1138229276 7.8289738061
0.28000 0.1163788306 2.1509046279 7.6818022425
0.29000 0.1121318430 2.1880799301 7.5451032071
0.30000 0.1082938757 2.2229066761 7.4096889203
0.31000 0.1044655567 2.2588978631 7.2867673004
0.32000 0.1007929892 2.2946864769 7.1708952402
0.33000 0.0976838153 2.3260193907 7.0485436082
0.34000 0.0944888402 2.3592735450 6.9390398383
0.35000 0.0917001286 2.3892314977 6.8263757078
0.36000 0.0887494629 2.4219379027 6.7276052853
0.37000 0.0856123777 2.4579254070 6.6430416404
0.38000 0.0832499155 2.4859081652 6.5418635928
0.39000 0.0807306679 2.5166367519 6.4529147485
0.40000 0.0782682766 2.5476129100 6.3690322750
0.41000 0.0757810753 2.5799066839 6.2924553266
0.42000 0.0736963471 2.6078020454 6.2090524889
0.43000 0.0717580668 2.6344550017 6.1266395388
0.44000 0.0693976721 2.6679019558 6.0634135358
0.45000 0.0676113529 2.6939793675 5.9866208167
0.46000 0.0661716844 2.7155026352 5.9032665982
0.47000 0.0639780680 2.7492149423 5.8493934943
0.48000 0.0622058767 2.7773058025 5.7860537553
0.49000 0.0602844810 2.8086805720 5.7320011673
0.50000 0.0588765141 2.8323130091 5.6646260181
0.51000 0.0573400178 2.8587565083 5.6054049183
0.52000 0.0558900118 2.8843695944 5.5468646046
0.53000 0.0546949974 2.9059830294 5.4829868479
0.54000 0.0529362449 2.9386670164 5.4419759562
0.55000 0.0515175960 2.9658318604 5.3924215644
0.56000 0.0502801978 2.9901439612 5.3395427879
0.57000 0.0489931797 3.0160741811 5.2913582124
0.58000 0.0479649435 3.0372848789 5.2366980671
0.59000 0.0465139038 3.0680040055 5.2000067890
0.60000 0.0454491418 3.0911613416 5.1519355694
0.61000 0.0442617082 3.1176353513 5.1108776251
0.62000 0.0431528395 3.1430070578 5.0693662223
0.63000 0.0421414879 3.1667225623 5.0265437497
0.64000 0.0409364806 3.1957336679 4.9933338562
0.65000 0.0400898397 3.2166323502 4.9486651542
0.66000 0.0390857244 3.2419979844 4.9121181581
0.67000 0.0382890481 3.2625913746 4.8695393651
0.68000 0.0373528156 3.2873469859 4.8343338028
0.69000 0.0365409777 3.3093209726 4.7961173515
0.70000 0.0355678748 3.3363124422 4.7661606317
0.71000 0.0347632731 3.3591938206 4.7312589023
0.72000 0.0338335877 3.3863012512 4.7031961822
0.73000 0.0330003856 3.4112360331 4.6729260727
0.74000 0.0323150097 3.4322234612 4.6381398125
0.75000 0.0317757370 3.4490522677 4.5987363570
0.76000 0.0308625916 3.4782104562 4.5765927055
0.77000 0.0298195383 3.5125914510 4.5618070793
0.78000 0.0293353990 3.5289603354 4.5243081223
0.79000 0.0287130818 3.5504024486 4.4941803146
0.80000 0.0281972408 3.5685311503 4.4606639379
0.81000 0.0274960140 3.5937142290 4.4366842334
0.82000 0.0267131211 3.6226004084 4.4178053760
0.83000 0.0262107188 3.6415868370 4.3874540204
0.84000 0.0258899119 3.6539018889 4.3498832010
0.85000 0.0250904789 3.6852668305 4.3356080358
0.86000 0.0244126838 3.7126524526 4.3170377356
0.87000 0.0238513578 3.7359141305 4.2941541730
0.88000 0.0235319292 3.7493970886 4.2606785097
0.89000 0.0229051325 3.7763942685 4.2431396275
0.90000 0.0225736435 3.7909722721 4.2121914135
0.91000 0.0220133512 3.8161061361 4.1935232265
0.92000 0.0215330023 3.8381685309 4.1719223162
0.93000 0.0210815983 3.8593547362 4.1498438023
0.94000 0.0205760948 3.8836253227 4.1315163008
0.95000 0.0200867867 3.9076930573 4.1133611130
0.96000 0.0197191165 3.9261667343 4.0897570149
0.97000 0.0191433180 3.9558015538 4.0781459318
0.98000 0.0187628982 3.9758738602 4.0570141431
0.99000 0.0183287234 3.9992858658 4.0396826927
1.00000 0.0179045415 4.0227008831 4.0227008831
