#Empty integrating sphere. Lambertian reflectance. No ports for fluid.
#Length units in [mm]
#Reflectivity of interior wall: rho = 0.99
#Radius of sphere: R = 0.5
#Refractive index interior medium: n = 1
#
#Source fiber:
# - core diameter: 2*a_s = 0.105
# - clad diameter: 2*b_s = 0.125
# - numerical aperture: NA_s = 0.22
#
#Pick-up fiber:
# - core diameter: 2*a_p = 0.105
# - clad diameter: 2*b_p = 0.125
# - numerical aperture: NA_p = 0.5
#
#Entrance radius: r_e = 2*b_p = 0.125
#Number of photons: N = 1000000
#Number of averages: N_avg = 100
#Number of alpha-values: N_R = 100
#Delta alpha: d_alpha = 0.01
#Seed: 7012
#
#alpha <eps_c> <eps_e> <eps_w> <eps_i> std_eps_c std_eps_e std_eps_w std_eps_i <<path>> std<path> <std_path> <<std_path>>
0.01000 0.0231546800 0.4571792300 0.3077280500 0.2119380400 0.0001406645 0.0004761625 0.0004415480 0.0004329237 20.1373484881 0.1399987409 20.2667785480 0.2027156682
0.02000 0.0192798800 0.3746591600 0.2540763400 0.3519846200 0.0001221717 0.0005321016 0.0004233468 0.0004189641 16.7234843497 0.1106451605 16.8086989626 0.1718795036
0.03000 0.0165346700 0.3160474600 0.2159757900 0.4514420800 0.0001346216 0.0004669085 0.0004725785 0.0004630822 14.3079009206 0.1162342229 14.3186897281 0.1580120183
0.04000 0.0144375500 0.2722628600 0.1875137900 0.5257858000 0.0001055760 0.0004792105 0.0004446760 0.0005015080 12.5112788202 0.1045182797 12.4678730917 0.1536862593
0.05000 0.0128395700 0.2384559300 0.1655013300 0.5832031700 0.0001234019 0.0003990708 0.0003735003 0.0004396807 11.1410282561 0.0945257452 11.0676408516 0.1279981342
0.06000 0.0115541300 0.2114842800 0.1478967000 0.6290648900 0.0001021667 0.0003746313 0.0003605198 0.0004906673 10.0505422149 0.0892438936 9.9241773224 0.1294542228
0.07000 0.0105010400 0.1893997500 0.1335806700 0.6665185400 0.0001007593 0.0003888988 0.0003618067 0.0004705045 9.1534636158 0.0910045487 8.9733660757 0.1304628734
0.08000 0.0096061800 0.1710910500 0.1215728100 0.6977299600 0.0000984877 0.0003824240 0.0003474766 0.0005004901 8.4051774655 0.0829249855 8.1714658077 0.1213575203
0.09000 0.0088634900 0.1557214900 0.1115422700 0.7238727500 0.0000802025 0.0003750829 0.0003372162 0.0004598313 7.8076667140 0.0732165599 7.5300230527 0.1247384963
0.10000 0.0082145500 0.1425799300 0.1028629400 0.7463425800 0.0001054590 0.0003410187 0.0003125096 0.0004098188 7.2700493340 0.0821370466 6.9538257747 0.1300716074
0.11000 0.0076436300 0.1311837300 0.0954437900 0.7657288500 0.0000736777 0.0003896977 0.0002892688 0.0004578955 6.8253564063 0.0750070454 6.4772229735 0.1001126190
0.12000 0.0071748100 0.1211917700 0.0888319500 0.7828014700 0.0000805480 0.0003662146 0.0002837170 0.0004208558 6.4322190325 0.0751474403 6.0450186244 0.1126954408
0.13000 0.0067146000 0.1124305200 0.0830669900 0.7977878900 0.0000713861 0.0002962140 0.0002752916 0.0003936879 6.0897300043 0.0736868362 5.6660631183 0.1079686318
0.14000 0.0063536000 0.1047088300 0.0779740600 0.8109635100 0.0000737907 0.0003107563 0.0002790865 0.0004243700 5.7919434906 0.0676718828 5.3384305114 0.1153438240
0.15000 0.0059946000 0.0978043500 0.0734048600 0.8227961900 0.0000671428 0.0002751174 0.0002597736 0.0003958432 5.5202139053 0.0708610048 5.0161009032 0.1095531854
0.16000 0.0056711800 0.0915505800 0.0693392800 0.8334389600 0.0000740122 0.0002698458 0.0002426609 0.0003468373 5.2730821073 0.0616515412 4.7476563475 0.0869495477
0.17000 0.0053876900 0.0860132500 0.0656468400 0.8429522200 0.0000692929 0.0002751517 0.0002483542 0.0003407012 5.0613549332 0.0622959445 4.5120554531 0.0950387412
0.18000 0.0051254400 0.0809356000 0.0622621400 0.8516768200 0.0000789646 0.0002825527 0.0002205079 0.0003570713 4.8699911681 0.0618171068 4.2872502520 0.1018928820
0.19000 0.0048892300 0.0762687600 0.0591860000 0.8596560100 0.0000659294 0.0002442036 0.0002463263 0.0003094481 4.6917733982 0.0625472393 4.0852957784 0.0945870961
0.20000 0.0046741300 0.0721183000 0.0564085300 0.8667990400 0.0000694236 0.0002497280 0.0002389291 0.0003077531 4.5398197231 0.0571868784 3.9023384626 0.0779482580
0.21000 0.0044658200 0.0682341300 0.0537744600 0.8735255900 0.0000747299 0.0002622400 0.0002457527 0.0003370199 4.3892937782 0.0555549476 3.7190420996 0.0842756224
0.22000 0.0042663300 0.0647068200 0.0514006800 0.8796261700 0.0000606971 0.0002396580 0.0002274213 0.0002946216 4.2642356793 0.0578620970 3.5788572109 0.0815818562
0.23000 0.0040932000 0.0613998700 0.0491854000 0.8853215300 0.0000667406 0.0002381479 0.0002228167 0.0003283242 4.1347648161 0.0543188241 3.4098137279 0.0883678246
0.24000 0.0039209500 0.0583678700 0.0471045100 0.8906066700 0.0000555035 0.0002359548 0.0002297190 0.0003255820 4.0206275210 0.0515395468 3.2700655935 0.0830023840
0.25000 0.0037867200 0.0555205400 0.0452171800 0.8954755600 0.0000599864 0.0002724616 0.0002009219 0.0003330415 3.9215574617 0.0548186853 3.1645638827 0.0824149446
0.26000 0.0036404400 0.0528829600 0.0434663600 0.9000102400 0.0000641040 0.0001948226 0.0002107063 0.0002767987 3.8286817776 0.0491774660 3.0457506159 0.0874686932
0.27000 0.0035049700 0.0505125800 0.0418155700 0.9041668800 0.0000626479 0.0002358392 0.0001863331 0.0002805021 3.7344627046 0.0444983206 2.9200441784 0.0757237795
0.28000 0.0033773800 0.0482105900 0.0402294000 0.9081826300 0.0000560782 0.0001905242 0.0001895271 0.0002588726 3.6573965760 0.0519049936 2.8294610469 0.0761684742
0.29000 0.0032541300 0.0460561400 0.0387798800 0.9119098500 0.0000556770 0.0002200806 0.0002010373 0.0002953700 3.5753019789 0.0533921422 2.7219642086 0.0846999046
0.30000 0.0031427500 0.0440614200 0.0374185000 0.9153773300 0.0000576397 0.0002313658 0.0001717651 0.0002846110 3.4979060111 0.0444657456 2.6203687173 0.0788492816
0.31000 0.0030316500 0.0422008200 0.0361150800 0.9186524500 0.0000553785 0.0002101950 0.0001964870 0.0002512241 3.4394500817 0.0475032682 2.5462066624 0.0739068497
0.32000 0.0029250700 0.0404391700 0.0349313400 0.9217044200 0.0000544508 0.0001856851 0.0001850110 0.0002590988 3.3698133540 0.0454519196 2.4613639410 0.0829684521
0.33000 0.0028348400 0.0388063800 0.0337063300 0.9246524500 0.0000491450 0.0002017078 0.0001800189 0.0002805586 3.3156926806 0.0452191044 2.3883846455 0.0729350816
0.34000 0.0027421200 0.0372245500 0.0326225500 0.9274107800 0.0000512314 0.0001721524 0.0001819270 0.0002513520 3.2539036669 0.0424765235 2.3107449998 0.0701271894
0.35000 0.0026611900 0.0357060400 0.0316071800 0.9300255900 0.0000533259 0.0001521563 0.0001660946 0.0002243190 3.2031746017 0.0431238059 2.2281847053 0.0672522850
0.36000 0.0025755600 0.0343407300 0.0306461100 0.9324376000 0.0000486910 0.0001917529 0.0001759612 0.0002766703 3.1563822642 0.0404687981 2.1714709016 0.0698008110
0.37000 0.0024845200 0.0330059700 0.0297153300 0.9347941800 0.0000449254 0.0001680796 0.0001869997 0.0002589165 3.1133878964 0.0423923960 2.1242822166 0.0706235324
0.38000 0.0024159600 0.0317501800 0.0287954000 0.9370384600 0.0000537538 0.0001758374 0.0001748796 0.0002622853 3.0588311624 0.0441737025 2.0464721747 0.0694288666
0.39000 0.0023428500 0.0305750400 0.0279573800 0.9391247300 0.0000547026 0.0001906454 0.0001563087 0.0002517507 3.0341724233 0.0405193828 2.0067742517 0.0655089118
0.40000 0.0022713900 0.0294504800 0.0271665400 0.9411115900 0.0000481844 0.0001570969 0.0001447306 0.0002003043 2.9857466452 0.0377036881 1.9418589742 0.0755339769
0.41000 0.0021992100 0.0283794700 0.0264223600 0.9429989600 0.0000474802 0.0001533003 0.0001371101 0.0002175757 2.9612379822 0.0399701705 1.9054433524 0.0721072905
0.42000 0.0021387100 0.0273226300 0.0256723200 0.9448663400 0.0000477045 0.0001668676 0.0001627723 0.0002161692 2.9214279034 0.0365195313 1.8453082615 0.0683714525
0.43000 0.0020824600 0.0263752000 0.0249634200 0.9465789200 0.0000480106 0.0001565247 0.0001354860 0.0001840762 2.8912460066 0.0394825226 1.8143700604 0.0732476183
0.44000 0.0020139600 0.0254608800 0.0242914000 0.9482337600 0.0000468589 0.0001595256 0.0001627672 0.0002054353 2.8467320936 0.0371043204 1.7424087636 0.0652082964
0.45000 0.0019621200 0.0245444100 0.0236575900 0.9498358800 0.0000480495 0.0001529838 0.0001588973 0.0002280817 2.8222106854 0.0387852692 1.7072265914 0.0727405110
0.46000 0.0019203400 0.0237099800 0.0230379600 0.9513317200 0.0000449865 0.0001500176 0.0001589618 0.0002188324 2.7986258188 0.0361983340 1.6752152752 0.0618851208
0.47000 0.0018566800 0.0229029400 0.0224413100 0.9527990700 0.0000446320 0.0001626735 0.0001436513 0.0002199918 2.7680781461 0.0373276153 1.6217690003 0.0649745021
0.48000 0.0018052500 0.0221399200 0.0218577300 0.9541971000 0.0000411001 0.0001488183 0.0001475248 0.0002017888 2.7444765485 0.0393683052 1.5997548123 0.0696434222
0.49000 0.0017494900 0.0214180000 0.0213361800 0.9554963300 0.0000403569 0.0001307333 0.0001612918 0.0002190691 2.7139072369 0.0341395355 1.5447174328 0.0755701537
0.50000 0.0017086300 0.0206795200 0.0207970400 0.9568148100 0.0000393941 0.0001556563 0.0001336240 0.0001956966 2.6934715962 0.0390728472 1.5197126215 0.0698429869
0.51000 0.0016640400 0.0200014900 0.0203043300 0.9580301400 0.0000373241 0.0001377999 0.0001514771 0.0002020546 2.6709920652 0.0394521490 1.4869020843 0.0709917095
0.52000 0.0016219600 0.0193652300 0.0198048400 0.9592079700 0.0000457057 0.0001399673 0.0001380607 0.0001898433 2.6412707755 0.0332859862 1.4336357447 0.0586904546
0.53000 0.0015872800 0.0187561500 0.0193468500 0.9603097200 0.0000377220 0.0001251864 0.0001408323 0.0001870587 2.6260957597 0.0384440053 1.4232177757 0.0735523412
0.54000 0.0015362400 0.0181226800 0.0189336000 0.9614074800 0.0000374999 0.0001259425 0.0001367162 0.0001834424 2.6107543572 0.0389823178 1.3924099554 0.0744719899
0.55000 0.0014950700 0.0175731300 0.0184561400 0.9624756600 0.0000429454 0.0001330803 0.0001313746 0.0001839589 2.5949622922 0.0330453834 1.3652566189 0.0610649281
0.56000 0.0014591600 0.0170125700 0.0180232600 0.9635050100 0.0000461006 0.0001331148 0.0001354312 0.0001864720 2.5720072714 0.0348367495 1.3298592542 0.0631491259
0.57000 0.0014218100 0.0165035900 0.0176239200 0.9644506800 0.0000341147 0.0001301629 0.0001351232 0.0001977490 2.5563325353 0.0360919308 1.3063930476 0.0721120881
0.58000 0.0013919700 0.0159658200 0.0172481900 0.9653940200 0.0000379751 0.0001333112 0.0001376841 0.0001889122 2.5374180497 0.0354933163 1.2818180082 0.0664927050
0.59000 0.0013498600 0.0154710600 0.0168615200 0.9663175600 0.0000344841 0.0001287918 0.0001246168 0.0001682587 2.5286607670 0.0331736242 1.2695511418 0.0668688440
0.60000 0.0013189600 0.0150005300 0.0164983200 0.9671821900 0.0000346506 0.0001147349 0.0001188029 0.0001607166 2.5021659863 0.0322679675 1.2307248547 0.0664096776
0.61000 0.0012845000 0.0145599900 0.0161398300 0.9680156800 0.0000360769 0.0001144470 0.0001246163 0.0001748153 2.4907191940 0.0309058203 1.2109974810 0.0670148567
0.62000 0.0012523200 0.0141289900 0.0158072600 0.9688114300 0.0000390777 0.0001297944 0.0001206310 0.0001762657 2.4785654523 0.0326812591 1.1896004717 0.0645820652
0.63000 0.0012229700 0.0137144000 0.0154720800 0.9695905500 0.0000357340 0.0001119995 0.0001205046 0.0001607473 2.4642725501 0.0336665916 1.1618357020 0.0662765769
0.64000 0.0011880000 0.0132773000 0.0151538000 0.9703809000 0.0000316052 0.0001051845 0.0001276944 0.0001699950 2.4463186399 0.0309646560 1.1343178789 0.0630214549
0.65000 0.0011634300 0.0129082100 0.0148135300 0.9711148300 0.0000356383 0.0001043867 0.0001139341 0.0001653140 2.4406366716 0.0322084384 1.1245910832 0.0673501206
0.66000 0.0011342900 0.0125315000 0.0145313200 0.9718028900 0.0000332004 0.0001108243 0.0001158668 0.0001718445 2.4183799343 0.0328594883 1.0858928182 0.0628386149
0.67000 0.0011111700 0.0121641700 0.0142348400 0.9724898200 0.0000305604 0.0001019901 0.0001323092 0.0001805203 2.4166796402 0.0334402835 1.0846795997 0.0674617176
0.68000 0.0010840000 0.0118251100 0.0139358300 0.9731550600 0.0000335746 0.0001041995 0.0001286992 0.0001687034 2.4063223803 0.0322904496 1.0654369120 0.0715995925
0.69000 0.0010604400 0.0114602900 0.0136592700 0.9738200000 0.0000319995 0.0001047840 0.0001124101 0.0001651658 2.3903773341 0.0290003616 1.0320007708 0.0608571038
0.70000 0.0010322000 0.0111498200 0.0133714900 0.9744464900 0.0000337358 0.0000987581 0.0001038912 0.0001393172 2.3751505444 0.0307669492 1.0144314764 0.0662940103
0.71000 0.0010088500 0.0108359200 0.0131142800 0.9750409500 0.0000278377 0.0001044085 0.0001259772 0.0001763544 2.3713063401 0.0311621320 1.0016083477 0.0639900166
0.72000 0.0009818700 0.0105395700 0.0128706700 0.9756078900 0.0000337790 0.0001060633 0.0001094937 0.0001528344 2.3610064340 0.0304734237 0.9908748183 0.0714604658
0.73000 0.0009576900 0.0102399600 0.0126203300 0.9761820200 0.0000318150 0.0000963907 0.0001194975 0.0001526487 2.3480915641 0.0296568470 0.9636479792 0.0693480254
0.74000 0.0009378000 0.0099468700 0.0124021300 0.9767132000 0.0000315966 0.0000896371 0.0001096041 0.0001482221 2.3394321736 0.0302421159 0.9504922743 0.0690113731
0.75000 0.0009221500 0.0096729200 0.0121436900 0.9772612400 0.0000336225 0.0000944928 0.0001133715 0.0001418992 2.3271879561 0.0286456662 0.9316426640 0.0644524110
0.76000 0.0008956500 0.0094012800 0.0119123400 0.9777907300 0.0000314358 0.0000855483 0.0001056744 0.0001297511 2.3214751281 0.0311301188 0.9203291148 0.0675207558
0.77000 0.0008653800 0.0091437200 0.0116979600 0.9782929400 0.0000297833 0.0000949206 0.0001093343 0.0001374675 2.3135630149 0.0315166172 0.8970736911 0.0614215535
0.78000 0.0008513300 0.0089029500 0.0114932900 0.9787524300 0.0000281325 0.0000888962 0.0001131110 0.0001473386 2.3049841753 0.0274815612 0.8913509833 0.0617583652
0.79000 0.0008332700 0.0086775200 0.0112877200 0.9792014900 0.0000280324 0.0000896766 0.0001033973 0.0001452816 2.2981598309 0.0280375814 0.8760174846 0.0574921298
0.80000 0.0008183000 0.0084153100 0.0110820000 0.9796843900 0.0000294370 0.0000999833 0.0000900540 0.0001326664 2.2851934103 0.0282917893 0.8495007790 0.0619887856
0.81000 0.0007979500 0.0081930000 0.0108724300 0.9801366200 0.0000302713 0.0000822925 0.0001060855 0.0001415867 2.2874162047 0.0320030519 0.8559702272 0.0748908356
0.82000 0.0007752300 0.0079796100 0.0106689800 0.9805761800 0.0000286522 0.0000916990 0.0001067156 0.0001455793 2.2753114861 0.0292963800 0.8265934129 0.0686834814
0.83000 0.0007606500 0.0077579800 0.0104970200 0.9809843500 0.0000263999 0.0000896408 0.0000999705 0.0001337087 2.2724361608 0.0299226141 0.8304041134 0.0629089435
0.84000 0.0007513400 0.0075541500 0.0102798700 0.9814146400 0.0000271339 0.0000954232 0.0000902389 0.0001273649 2.2611048658 0.0262038071 0.8069115354 0.0611611106
0.85000 0.0007281400 0.0073561400 0.0101260900 0.9817896300 0.0000314996 0.0000820637 0.0000881113 0.0001219041 2.2531645843 0.0290787835 0.7905329144 0.0684244439
0.86000 0.0007084700 0.0071562800 0.0099470100 0.9821882400 0.0000247759 0.0000969482 0.0000954957 0.0001415799 2.2522463339 0.0322235322 0.7878647147 0.0676196520
0.87000 0.0006921800 0.0069760900 0.0097802400 0.9825514900 0.0000266327 0.0000860121 0.0001005358 0.0001339601 2.2400589830 0.0298081549 0.7680326966 0.0726281262
0.88000 0.0006829100 0.0067837600 0.0095958800 0.9829374500 0.0000271677 0.0000760687 0.0001021674 0.0001200737 2.2427476085 0.0263163840 0.7703607374 0.0582797775
0.89000 0.0006647200 0.0066063800 0.0094437800 0.9832851200 0.0000227228 0.0000780659 0.0000990193 0.0001139372 2.2264653064 0.0276027240 0.7373883446 0.0642168919
0.90000 0.0006551000 0.0064474900 0.0092858500 0.9836115600 0.0000253714 0.0000716540 0.0000925118 0.0001087602 2.2290943456 0.0300382479 0.7414749764 0.0632783125
0.91000 0.0006388400 0.0062804600 0.0091214000 0.9839593000 0.0000257481 0.0000740987 0.0001080780 0.0001324395 2.2199549923 0.0270097913 0.7290443209 0.0608836700
0.92000 0.0006249000 0.0061092400 0.0089917700 0.9842740900 0.0000218602 0.0000767877 0.0000951112 0.0001166191 2.2137385487 0.0307214639 0.7109409041 0.0684615586
0.93000 0.0006118000 0.0059510000 0.0088188600 0.9846183400 0.0000241439 0.0000751916 0.0000948373 0.0001229184 2.2118920900 0.0304357634 0.7152463325 0.0689721692
0.94000 0.0005971300 0.0058002700 0.0086876200 0.9849149800 0.0000219557 0.0000790823 0.0000982393 0.0001225004 2.2019298251 0.0293991119 0.6950490988 0.0700708293
0.95000 0.0005829300 0.0056445600 0.0085244000 0.9852481100 0.0000210829 0.0000769728 0.0000905346 0.0001269618 2.1993689118 0.0255011866 0.6860864449 0.0674226799
0.96000 0.0005722600 0.0054951400 0.0083835300 0.9855490700 0.0000218219 0.0000694393 0.0000948423 0.0001253267 2.1929088403 0.0272611192 0.6722874745 0.0622066859
0.97000 0.0005555500 0.0053447200 0.0082482400 0.9858514900 0.0000229718 0.0000788961 0.0000827071 0.0001017504 2.1949864153 0.0315077562 0.6771388737 0.0731065992
0.98000 0.0005445100 0.0052233100 0.0080994100 0.9861327700 0.0000242193 0.0000704791 0.0000968602 0.0001286626 2.1883806272 0.0265463078 0.6636603635 0.0657883313
0.99000 0.0005319100 0.0051027000 0.0079804900 0.9863849000 0.0000243464 0.0000703307 0.0000942553 0.0001193741 2.1813524907 0.0265867683 0.6544256034 0.0672813068
1.00000 0.0005196000 0.0049575900 0.0078570800 0.9866657300 0.0000223972 0.0000635923 0.0000901957 0.0001200960 2.1750740236 0.0260511366 0.6417899736 0.0618476689
